"","POS","REF","ALT","AF","COV"
"1",1,"A","C",33.6,1507
"2",2,"T","A",17.9,1794
"3",3,"G","T",22.5,1726
"4",4,"G","A",38,1616
"5",5,"G","T",1.3,1314
"6",6,"T","C",19.6,1096
"7",7,"G","G",NA,1859
"8",8,"C","T",5.6,1995
"9",9,"G","C",33.1,1134
"10",10,"A","C",28,1475
"11",11,"G","C",5.5,1769
"12",12,"A","A",NA,1797
"13",13,"G","C",28,1288
"14",14,"C","G",25.3,1304
"15",15,"G","A",4,1441
"16",16,"T","T",NA,1573
"17",17,"C","A",37.8,1346
"18",18,"A","T",14.1,1186
"19",19,"G","G",NA,1948
"20",20,"T","C",10.3,1821
"21",21,"A","A",NA,1846
"22",22,"T","G",1.5,1463
"23",23,"T","C",14.9,1851
"24",24,"A","G",39.3,1718
"25",25,"A","C",26.2,1125
"26",26,"G","T",30.7,1114
"27",27,"C","T",23.3,1479
"28",28,"G","T",20.7,1592
"29",29,"G","A",20.7,1921
"30",30,"G","C",16.9,1238
"31",31,"G","G",NA,1737
"32",32,"A","T",11.8,1877
"33",33,"A","A",NA,1742
"34",34,"A","A",NA,1149
"35",35,"A","G",19.9,1338
"36",36,"A","G",31.4,1928
"37",37,"T","G",7.9,1206
"38",38,"T","G",20.5,1253
"39",39,"G","G",NA,1883
"40",40,"A","G",29.5,1411
"41",41,"G","A",1,1328
"42",42,"T","G",21.9,1873
"43",43,"C","G",33.8,1255
"44",44,"A","A",NA,1759
"45",45,"A","C",24.4,1493
"46",46,"T","G",27.3,1638
"47",47,"G","A",3.5,1506
"48",48,"G","T",23,1959
"49",49,"G","G",NA,1352
"50",50,"A","C",26,1612
"51",51,"G","A",10.3,1293
"52",52,"A","T",30.6,1166
"53",53,"A","C",23.4,1766
"54",54,"A","G",20.5,1900
"55",55,"A","A",NA,1666
"56",56,"T","C",9.4,1592
"57",57,"T","T",NA,1935
"58",58,"C","A",2.8,1063
"59",59,"G","C",24,1235
"60",60,"G","G",NA,1265
"61",61,"T","G",35.6,1508
"62",62,"T","T",NA,1726
"63",63,"A","G",32.9,1469
"64",64,"A","G",4.2,1291
"65",65,"G","A",14.1,1524
"66",66,"G","T",31.7,1357
"67",67,"C","T",21.7,1009
"68",68,"C","C",NA,1246
"69",69,"A","T",8.7,1680
"70",70,"G","G",NA,1304
"71",71,"G","A",33.4,1198
"72",72,"G","G",NA,1069
"73",73,"G","T",11.7,1804
"74",74,"G","G",NA,1330
"75",75,"A","G",4.3,1631
"76",76,"A","G",23.6,1648
"77",77,"A","G",10.4,1002
"78",78,"G","A",27.8,1099
"79",79,"A","G",34.7,1853
"80",80,"A","G",35.3,1171
"81",81,"A","G",28.1,1842
"82",82,"C","C",NA,1681
"83",83,"A","G",13.1,1898
"84",84,"G","C",39.1,1233
"85",85,"T","T",NA,1753
"86",86,"A","A",NA,1720
"87",87,"T","C",39.4,1200
"88",88,"A","T",12.1,1027
"89",89,"G","G",NA,1462
"90",90,"A","G",15.3,1565
"91",91,"C","G",30.2,1136
"92",92,"T","C",7.9,1478
"93",93,"G","C",24.9,1238
"94",94,"A","A",NA,1828
"95",95,"A","G",29.2,1094
"96",96,"A","G",31.3,1680
"97",97,"C","T",16.3,2000
"98",98,"A","A",NA,1892
"99",99,"T","T",NA,1751
"100",100,"C","G",37.4,1702
"101",101,"T","G",13.7,1968
"102",102,"A","G",12.7,1917
"103",103,"G","A",7.7,1954
"104",104,"T","G",29.5,1047
"105",105,"A","T",5.3,1761
"106",106,"T","A",26.9,1758
"107",107,"G","A",27.3,1402
"108",108,"G","G",NA,1466
"109",109,"G","T",23.4,1074
"110",110,"C","C",NA,1903
"111",111,"A","C",16.9,1163
"112",112,"A","C",23.3,1672
"113",113,"G","T",3.5,1223
"114",114,"C","T",33.7,1426
"115",115,"A","G",9,1820
"116",116,"G","C",37.1,1288
"117",117,"G","A",19.6,1518
"118",118,"G","C",33.5,1171
"119",119,"A","T",3.7,1613
"120",120,"G","A",24.1,1207
"121",121,"C","A",26.1,1273
"122",122,"T","C",29.4,1328
"123",123,"G","C",19.2,1581
"124",124,"G","C",20.5,1303
"125",125,"A","A",NA,1064
"126",126,"A","C",9.4,1948
"127",127,"A","G",31.5,1409
"128",128,"G","G",NA,1546
"129",129,"A","A",NA,1321
"130",130,"T","C",25.3,1439
"131",131,"T","C",14.3,1808
"132",132,"C","C",NA,1396
"133",133,"G","C",14.1,1414
"134",134,"C","A",31.1,1832
"135",135,"A","G",13.2,1384
"136",136,"C","C",NA,1803
"137",137,"T","A",3.7,1440
"138",138,"T","C",20.4,1610
"139",139,"A","C",35.8,1079
"140",140,"A","T",30.8,1558
"141",141,"C","T",7.3,1868
"142",142,"C","G",24.5,1749
"143",143,"C","C",NA,1088
"144",144,"T","A",32,1195
"145",145,"A","G",36.8,1906
"146",146,"G","C",29,1933
"147",147,"C","G",22,1586
"148",148,"C","A",32.1,1310
"149",149,"T","T",NA,1608
"150",150,"T","A",30.5,1841
"151",151,"T","T",NA,1611
"152",152,"T","G",17.3,1678
"153",153,"A","A",NA,1979
"154",154,"G","T",32.2,1432
"155",155,"A","C",2.7,1163
"156",156,"A","A",NA,1452
"157",157,"A","A",NA,1364
"158",158,"C","A",8.1,1944
"159",159,"A","T",22,1324
"160",160,"C","A",33.4,1858
"161",161,"C","G",38.1,1414
"162",162,"A","A",NA,1194
"163",163,"G","C",31.9,1917
"164",164,"A","C",13.8,1612
"165",165,"A","T",35.9,1631
"166",166,"G","A",7.3,1155
"167",167,"G","C",7.2,1131
"168",168,"A","A",NA,1567
"169",169,"T","A",32.8,1506
"170",170,"G","C",5.2,1476
"171",171,"T","G",11.9,1428
"172",172,"C","T",4.9,1101
"173",173,"A","G",29.2,1789
"174",174,"G","T",37.4,1611
"175",175,"C","A",24.4,1515
"176",176,"A","C",27.2,1542
"177",177,"A","C",7.5,1797
"178",178,"A","G",25.8,1015
"179",179,"T","C",36.8,1137
"180",180,"A","G",15.8,1781
"181",181,"A","T",29.6,1948
"182",182,"T","T",NA,2000
"183",183,"G","G",NA,1287
"184",184,"G","G",NA,1331
"185",185,"A","G",14,1587
"186",186,"A","G",14.6,1794
"187",187,"C","T",35.3,1917
"188",188,"A","T",3.6,1279
"189",189,"A","G",29.3,1115
"190",190,"T","G",31.7,1756
"191",191,"T","T",NA,1190
"192",192,"A","A",NA,1008
"193",193,"C","C",NA,1183
"194",194,"A","C",15.3,1204
"195",195,"A","C",24.2,1529
"196",196,"C","G",8.1,1517
"197",197,"C","T",11.2,1266
"198",198,"A","G",11.6,1921
"199",199,"G","C",6.5,1165
"200",200,"C","A",34.8,1874
"201",201,"T","C",22,1531
"202",202,"C","T",28.2,1194
"203",203,"G","T",18.2,1829
"204",204,"T","A",1.6,1890
"205",205,"A","A",NA,1921
"206",206,"G","T",16.8,1689
"207",207,"G","G",NA,1137
"208",208,"A","C",26.3,1533
"209",209,"C","C",NA,1396
"210",210,"A","G",39.2,1621
"211",211,"G","C",31.2,1008
"212",212,"G","C",14.9,1346
"213",213,"A","A",NA,1438
"214",214,"A","G",18.7,1545
"215",215,"C","T",16,1899
"216",216,"A","T",1.7,1489
"217",217,"G","A",11,1334
"218",218,"A","C",17.8,1303
"219",219,"A","C",25.8,1611
"220",220,"G","G",NA,1355
"221",221,"A","A",NA,1134
"222",222,"A","C",33.6,1569
"223",223,"C","T",19,1567
"224",224,"T","C",9.4,1117
"225",225,"T","C",21.8,1709
"226",226,"A","G",7.1,1878
"227",227,"C","C",NA,1630
"228",228,"A","A",NA,1595
"229",229,"T","A",23.4,1670
"230",230,"C","A",27.5,1909
"231",231,"A","C",30.6,1022
"232",232,"T","A",7.5,1904
"233",233,"T","T",NA,1945
"234",234,"A","A",NA,1570
"235",235,"T","T",NA,1880
"236",236,"T","C",19.3,1074
"237",237,"T","T",NA,1124
"238",238,"A","T",35.3,1915
"239",239,"A","C",30.7,1104
"240",240,"T","A",33.4,1920
"241",241,"A","C",19.4,1263
"242",242,"C","G",33.7,1155
"243",243,"A","G",6.7,1255
"244",244,"G","A",6.3,1346
"245",245,"T","T",NA,1887
"246",246,"A","G",16.7,1759
"247",247,"G","T",9.9,1416
"248",248,"C","T",11.1,1872
"249",249,"A","G",4.2,1215
"250",250,"A","C",23.9,1402
"251",251,"C","G",39.8,1431
"252",252,"C","C",NA,1404
"253",253,"A","C",26.6,1371
"254",254,"T","C",16.4,1716
"255",255,"C","C",NA,1160
"256",256,"T","G",28.7,1374
"257",257,"A","C",22.9,1769
"258",258,"C","T",31.3,1359
"259",259,"T","T",NA,1958
"260",260,"G","G",NA,1017
"261",261,"C","G",23.5,1741
"262",262,"A","G",18.5,1692
"263",263,"T","T",NA,1279
"264",264,"A","T",36.2,1694
"265",265,"C","A",19.2,1420
"266",266,"A","G",39.2,1414
"267",267,"T","G",9.6,1498
"268",268,"C","C",NA,1146
"269",269,"A","C",32.8,1473
"270",270,"G","G",NA,1337
"271",271,"G","C",20.4,1635
"272",272,"G","C",8.7,1985
"273",273,"G","T",31.4,1663
"274",274,"A","A",NA,1820
"275",275,"T","A",20.3,1220
"276",276,"A","T",36.7,1768
"277",277,"A","G",24.6,1348
"278",278,"G","G",NA,1966
"279",279,"A","G",23,1400
"280",280,"A","C",25.1,1638
"281",281,"T","C",24.9,1485
"282",282,"A","C",29.6,1708
"283",283,"A","C",26.3,1216
"284",284,"A","G",34,1020
"285",285,"G","A",22.6,1312
"286",286,"G","G",NA,1535
"287",287,"A","C",2.5,1880
"288",288,"C","C",NA,1647
"289",289,"A","C",11,1749
"290",290,"C","G",40,1594
"291",291,"C","A",6.3,1254
"292",292,"A","A",NA,1270
"293",293,"A","T",24.2,1705
"294",294,"G","G",NA,1539
"295",295,"G","C",5.9,1920
"296",296,"A","T",15.3,1412
"297",297,"A","C",18.9,1621
"298",298,"G","C",34.9,1479
"299",299,"C","C",NA,1940
"300",300,"C","G",26.9,1394
"301",301,"T","G",22,1615
"302",302,"T","T",NA,1280
"303",303,"A","C",32.6,1216
"304",304,"G","T",36,1858
"305",305,"A","G",9,1248
"306",306,"T","T",NA,1954
"307",307,"A","G",14.1,1838
"308",308,"A","C",10.3,1401
"309",309,"A","A",NA,1150
"310",310,"A","C",37.4,1123
"311",311,"T","T",NA,1540
"312",312,"A","A",NA,1736
"313",313,"G","T",23.2,1759
"314",314,"A","T",32,1093
"315",315,"G","T",11.4,1502
"316",316,"G","G",NA,1473
"317",317,"A","C",3.3,1448
"318",318,"A","T",19.1,1415
"319",319,"A","A",NA,1693
"320",320,"T","C",10.1,1155
"321",321,"A","A",NA,1667
"322",322,"C","G",35.6,1296
"323",323,"A","T",12.9,1160
"324",324,"A","A",NA,1016
"325",325,"A","G",30.3,1757
"326",326,"A","T",5.5,1494
"327",327,"T","A",26.8,1057
"328",328,"A","A",NA,1357
"329",329,"A","C",32.6,1382
"330",330,"G","A",5.6,1866
"331",331,"A","G",32,1153
"332",332,"G","A",13.8,1725
"333",333,"C","G",38.2,1036
"334",334,"A","G",16.1,1527
"335",335,"A","T",15.9,1288
"336",336,"G","G",NA,1090
"337",337,"C","A",36,1286
"338",338,"A","T",2,1508
"339",339,"A","T",21,1570
"340",340,"A","A",NA,1773
"341",341,"A","A",NA,1265
"342",342,"G","G",NA,1109
"343",343,"G","G",NA,1739
"344",344,"C","T",26.3,1708
"345",345,"A","C",38.6,1847
"346",346,"C","G",19.5,1706
"347",347,"A","G",18,1689
"348",348,"A","G",19.9,1093
"349",349,"C","G",14.7,1260
"350",350,"A","G",5,1956
"351",351,"G","T",11.4,1057
"352",352,"G","G",NA,1022
"353",353,"C","C",NA,1351
"354",354,"A","A",NA,1626
"355",355,"G","A",4.2,1693
"356",356,"C","C",NA,1874
"357",357,"T","G",1.7,1505
"358",358,"G","G",NA,1103
"359",359,"A","T",37.3,1630
"360",360,"T","T",NA,1831
"361",361,"A","C",12.8,1454
"362",362,"C","A",4.4,1734
"363",363,"A","A",NA,1306
"364",364,"G","G",NA,1679
"365",365,"G","G",NA,1688
"366",366,"G","G",NA,1231
"367",367,"A","C",18,1706
"368",368,"A","C",20.7,1199
"369",369,"C","C",NA,1165
"370",370,"A","G",33.8,1456
"371",371,"G","A",21.3,1245
"372",372,"C","T",27.4,1390
"373",373,"A","A",NA,1002
"374",374,"G","T",11.3,1487
"375",375,"C","C",NA,1151
"376",376,"A","A",NA,1289
"377",377,"A","T",4.8,1565
"378",378,"G","T",11.4,1854
"379",379,"G","G",NA,1853
"380",380,"T","G",15.6,1081
"381",381,"C","A",9.1,1979
"382",382,"A","G",31.2,1395
"383",383,"G","T",20.1,1241
"384",384,"C","A",29.9,1417
"385",385,"C","T",31.4,1464
"386",386,"A","C",19.4,1349
"387",387,"C","C",NA,1909
"388",388,"A","G",12.4,1155
"389",389,"A","A",NA,1115
"390",390,"T","G",30.8,1491
"391",391,"T","C",21.8,1047
"392",392,"A","A",NA,1074
"393",393,"T","C",31.1,1186
"394",394,"C","G",16,1350
"395",395,"C","C",NA,1059
"396",396,"T","G",14.4,1727
"397",397,"A","G",38.6,1719
"398",398,"T","T",NA,1532
"399",399,"A","T",8.1,1892
"400",400,"G","C",33.4,1285
"401",401,"T","C",5.7,1208
"402",402,"G","T",34,1641
"403",403,"C","C",NA,1126
"404",404,"A","C",18.3,1321
"405",405,"A","G",15,1937
"406",406,"A","A",NA,1823
"407",407,"A","A",NA,1093
"408",408,"T","C",8.7,1907
"409",409,"G","T",37.3,1282
"410",410,"T","T",NA,1640
"411",411,"A","C",5.7,1430
"412",412,"C","A",18.9,1373
"413",413,"A","T",5.9,1115
"414",414,"A","T",20.5,1160
"415",415,"G","T",27.5,1895
"416",416,"G","T",7.5,1755
"417",417,"G","G",NA,1230
"418",418,"C","C",NA,1501
"419",419,"A","T",8.9,1214
"420",420,"A","A",NA,1946
"421",421,"A","A",NA,1647
"422",422,"T","C",17.8,1518
"423",423,"G","A",5.1,1683
"424",424,"A","C",8.8,1988
"425",425,"T","C",9.3,1357
"426",426,"G","G",NA,1836
"427",427,"C","G",27.7,1185
"428",428,"A","C",28,1856
"429",429,"T","G",40,1291
"430",430,"C","T",10.3,1329
"431",431,"A","C",22,1360
"432",432,"G","A",11.5,1952
"433",433,"C","A",13.8,1783
"434",434,"C","C",NA,1241
"435",435,"C","G",21.4,1382
"436",436,"T","T",NA,1464
"437",437,"T","A",39.3,1859
"438",438,"A","C",33.8,1611
"439",439,"T","C",8.3,1892
"440",440,"C","A",33.4,1511
"441",441,"A","C",21.6,1565
"442",442,"C","G",21.6,1738
"443",443,"C","T",9.7,1599
"444",444,"A","T",14.7,1005
"445",445,"A","A",NA,1871
"446",446,"G","C",23.1,1459
"447",447,"G","A",19.9,1561
"448",448,"A","T",10.1,1585
"449",449,"C","G",18.8,1403
"450",450,"T","G",17.7,1944
"451",451,"T","C",21.5,1106
"452",452,"T","C",19.3,1861
"453",453,"G","T",9.8,1320
"454",454,"A","C",13,1983
"455",455,"A","A",NA,1229
"456",456,"T","T",NA,1764
"457",457,"G","G",NA,1635
"458",458,"C","T",25,1361
"459",459,"A","G",23.5,1367
"460",460,"T","A",34.5,1860
"461",461,"G","T",36.8,1894
"462",462,"G","G",NA,1033
"463",463,"G","G",NA,1463
"464",464,"T","T",NA,1956
"465",465,"A","C",28.1,1913
"466",466,"A","A",NA,1629
"467",467,"A","T",11.4,1780
"468",468,"A","A",NA,1488
"469",469,"G","G",NA,1468
"470",470,"C","G",4.5,1606
"471",471,"A","C",39.2,1614
"472",472,"A","C",22,1837
"473",473,"T","A",8.1,1526
"474",474,"A","T",11.2,1837
"475",475,"G","T",28.9,1868
"476",476,"A","C",12.9,1492
"477",477,"A","C",35.5,1827
"478",478,"G","G",NA,1515
"479",479,"A","C",16.9,1538
"480",480,"A","A",NA,1052
"481",481,"A","T",24.9,1202
"482",482,"G","G",NA,1931
"483",483,"G","T",15.7,1258
"484",484,"G","G",NA,1333
"485",485,"G","C",35.5,1417
"486",486,"C","G",9.2,1629
"487",487,"T","G",28.7,1616
"488",488,"T","T",NA,1438
"489",489,"C","C",NA,1418
"490",490,"A","C",40,1885
"491",491,"G","G",NA,1543
"492",492,"C","C",NA,1415
"493",493,"C","A",18,1401
"494",494,"C","G",30.4,1109
"495",495,"A","C",9.7,1281
"496",496,"G","T",18.2,1095
"497",497,"A","T",27.1,1002
"498",498,"A","A",NA,1725
"499",499,"G","G",NA,1736
"500",500,"T","T",NA,1013
"501",501,"A","C",32.9,1735
"502",502,"A","G",18.7,1448
"503",503,"T","T",NA,1999
"504",504,"A","C",23.1,1938
"505",505,"C","G",10.6,1579
"506",506,"C","G",36.5,1415
"507",507,"C","G",25.2,1958
"508",508,"A","A",NA,1711
"509",509,"T","G",10.8,1304
"510",510,"G","A",2.9,1918
"511",511,"T","A",19.5,1532
"512",512,"T","G",29.6,1640
"513",513,"C","C",NA,1800
"514",514,"T","T",NA,1778
"515",515,"C","C",NA,1213
"516",516,"A","C",16.8,1788
"517",517,"G","G",NA,1396
"518",518,"C","C",NA,1245
"519",519,"A","G",26.6,1373
"520",520,"T","G",34.1,1339
"521",521,"T","C",4.5,1198
"522",522,"G","G",NA,1783
"523",523,"T","G",27.1,1675
"524",524,"C","T",17,1913
"525",525,"A","G",13,1986
"526",526,"G","T",33.4,1936
"527",527,"A","T",16.9,1592
"528",528,"A","C",12.4,1029
"529",529,"G","C",27.7,1151
"530",530,"G","G",NA,1071
"531",531,"A","G",37.3,1561
"532",532,"G","T",22.8,1473
"533",533,"C","T",22.4,1973
"534",534,"C","A",27.5,1473
"535",535,"A","T",1.5,1138
"536",536,"C","A",10.9,1455
"537",537,"C","A",23,1487
"538",538,"C","A",7.2,1552
"539",539,"C","A",28.6,1721
"540",540,"A","A",NA,1556
"541",541,"C","G",14.6,1334
"542",542,"A","G",35,1071
"543",543,"A","T",37.4,1428
"544",544,"G","T",15.9,1799
"545",545,"A","G",35.7,1252
"546",546,"T","T",NA,1451
"547",547,"T","A",18.9,1570
"548",548,"T","C",25.2,1245
"549",549,"A","C",19,1185
"550",550,"A","A",NA,1633
"551",551,"A","C",37.4,1669
"552",552,"T","T",NA,1192
"553",553,"A","C",18.8,1785
"554",554,"T","T",NA,1498
"555",555,"G","C",25.7,1955
"556",556,"A","A",NA,1480
"557",557,"T","G",38.2,1133
"558",558,"G","C",17.5,1868
"559",559,"C","A",23.4,1685
"560",560,"T","A",4.5,1162
"561",561,"G","C",32.1,1098
"562",562,"A","T",38,1786
"563",563,"A","A",NA,1065
"564",564,"C","G",27.2,1822
"565",565,"A","C",39.1,1733
"566",566,"T","C",8.9,1839
"567",567,"A","G",15.6,1272
"568",568,"G","G",NA,1629
"569",569,"T","C",14.6,1120
"570",570,"G","A",29.4,1324
"571",571,"G","A",28.2,1932
"572",572,"G","C",35.5,1682
"573",573,"G","A",2.2,1902
"574",574,"G","G",NA,1763
"575",575,"G","T",27.9,1422
"576",576,"A","C",10.6,1262
"577",577,"C","G",14.2,1790
"578",578,"A","C",3.8,1326
"579",579,"C","A",34.2,1663
"580",580,"C","T",26.7,1667
"581",581,"A","G",23.8,1977
"582",582,"G","C",4.3,1710
"583",583,"G","G",NA,1660
"584",584,"C","T",19.1,1173
"585",585,"A","C",20.2,1033
"586",586,"G","A",4.4,1184
"587",587,"C","A",38.7,1213
"588",588,"T","A",17.1,1250
"589",589,"A","G",8.7,1165
"590",590,"T","G",30.5,1070
"591",591,"G","C",21.1,1515
"592",592,"C","T",32.2,1522
"593",593,"A","C",8,1235
"594",594,"A","C",1.4,1092
"595",595,"A","T",11.5,1995
"596",596,"T","C",23.3,1806
"597",597,"G","T",39.5,1468
"598",598,"T","A",3.9,1855
"599",599,"T","C",13.1,1360
"600",600,"A","C",29.2,1821
"601",601,"A","T",34.2,1041
"602",602,"A","G",23.7,1341
"603",603,"A","A",NA,1597
"604",604,"G","A",23.5,1125
"605",605,"A","C",36.1,1461
"606",606,"T","G",9.2,1436
"607",607,"A","G",5.6,1486
"608",608,"C","C",NA,1481
"609",609,"C","C",NA,1048
"610",610,"A","G",16.8,1819
"611",611,"T","G",9.7,1931
"612",612,"C","A",39.5,1304
"613",613,"A","C",17.1,1286
"614",614,"A","T",11.5,1540
"615",615,"T","G",26.7,1937
"616",616,"G","T",9,1541
"617",617,"A","T",13.1,1748
"618",618,"G","T",33.5,1851
"619",619,"G","C",5.7,1445
"620",620,"A","C",25.8,1227
"621",621,"A","T",27.4,1966
"622",622,"G","T",2.7,1715
"623",623,"C","C",NA,1839
"624",624,"T","T",NA,1641
"625",625,"G","T",34.1,1965
"626",626,"C","G",33.6,1013
"627",627,"A","A",NA,1513
"628",628,"G","G",NA,1487
"629",629,"A","G",2.1,1178
"630",630,"C","G",18.8,1759
"631",631,"T","A",13.1,1246
"632",632,"G","G",NA,1254
"633",633,"G","T",24.4,1854
"634",634,"G","T",15.3,1729
"635",635,"A","C",20.9,1773
"636",636,"C","C",NA,1020
"637",637,"A","A",NA,1680
"638",638,"G","C",31,1930
"639",639,"G","T",32.6,1167
"640",640,"T","A",28.9,1129
"641",641,"T","T",NA,1646
"642",642,"A","A",NA,1590
"643",643,"C","C",NA,1523
"644",644,"A","C",15.1,1413
"645",645,"T","T",NA,1617
"646",646,"C","T",30.5,1414
"647",647,"C","T",28.8,1780
"648",648,"A","C",3.2,1684
"649",649,"G","T",31.7,1973
"650",650,"T","C",24.5,1527
"651",651,"A","T",38.9,1948
"652",652,"C","C",NA,1313
"653",653,"A","C",4.1,1109
"654",654,"G","G",NA,1203
"655",655,"G","T",29.4,1572
"656",656,"C","C",NA,1753
"657",657,"A","T",26.5,1444
"658",658,"G","C",24.7,1801
"659",659,"G","C",1.5,1567
"660",660,"G","T",20.1,1808
"661",661,"C","A",19,1658
"662",662,"C","T",17.6,1810
"663",663,"T","G",22,1576
"664",664,"A","G",2.7,1744
"665",665,"T","G",20.3,1670
"666",666,"C","A",38.9,1451
"667",667,"G","T",36.8,1568
"668",668,"C","G",5.3,1332
"669",669,"A","A",NA,1426
"670",670,"C","T",14.1,1332
"671",671,"C","C",NA,1656
"672",672,"A","G",30.7,1570
"673",673,"G","T",32,1591
"674",674,"G","C",7,1418
"675",675,"C","G",14.1,1633
"676",676,"C","G",14.1,1924
"677",677,"A","G",33,1463
"678",678,"A","C",25.7,1639
"679",679,"A","C",27,1130
"680",680,"T","A",26.8,1415
"681",681,"G","G",NA,1860
"682",682,"A","T",32.7,1797
"683",683,"G","A",12.5,1991
"684",684,"A","G",10.8,1730
"685",685,"G","C",28.5,1438
"686",686,"A","G",19.5,1339
"687",687,"A","T",17.3,1749
"688",688,"C","C",NA,1984
"689",689,"C","A",38.8,1917
"690",690,"A","C",2.6,1841
"691",691,"A","A",NA,1031
"692",692,"G","C",3,1550
"693",693,"G","G",NA,1933
"694",694,"G","T",34.2,1355
"695",695,"G","T",15,1925
"696",696,"A","T",23.9,1675
"697",697,"A","T",27.7,1040
"698",698,"G","C",38.5,1932
"699",699,"T","C",10,1933
"700",700,"G","T",33.5,1146
"701",701,"A","G",33.8,1919
"702",702,"C","C",NA,1304
"703",703,"A","G",14.5,1147
"704",704,"T","A",29.5,1292
"705",705,"A","C",27.3,1634
"706",706,"G","G",NA,1620
"707",707,"C","G",26.5,1773
"708",708,"A","G",24.9,1404
"709",709,"G","A",6.9,1984
"710",710,"G","C",37.3,1834
"711",711,"A","T",21.1,1947
"712",712,"A","T",25.5,1139
"713",713,"C","T",1.5,1092
"714",714,"T","A",33.5,1492
"715",715,"A","A",NA,1233
"716",716,"C","G",20.5,1668
"717",717,"T","A",38.5,1239
"718",718,"A","G",32.6,1947
"719",719,"G","C",24.3,1714
"720",720,"T","T",NA,1028
"721",721,"A","A",NA,1737
"722",722,"C","A",33.9,1754
"723",723,"C","A",4.1,1774
"724",724,"A","A",NA,1786
"725",725,"T","C",34.5,1670
"726",726,"T","A",23.9,1034
"727",727,"C","C",NA,1531
"728",728,"A","G",17.7,1900
"729",729,"A","A",NA,1311
"730",730,"G","A",16,1337
"731",731,"A","T",14.1,1657
"732",732,"A","T",2,1915
"733",733,"C","T",25,1279
"734",734,"A","G",13.5,1609
"735",735,"A","T",4.2,1601
"736",736,"A","T",10.4,1953
"737",737,"T","C",14.8,1996
"738",738,"A","C",24.6,1499
"739",739,"G","G",NA,1949
"740",740,"G","G",NA,1127
"741",741,"A","G",15.7,1456
"742",742,"T","C",30.4,1074
"743",743,"G","T",27.8,1252
"744",744,"G","G",NA,1379
"745",745,"A","C",33.7,1243
"746",746,"T","G",23.6,1570
"747",747,"G","T",31.1,1216
"748",748,"A","C",14,1780
"749",749,"C","G",1.6,1045
"750",750,"A","T",6,1603
"751",751,"A","C",35.1,1410
"752",752,"G","C",23,1688
"753",753,"T","A",30.8,1099
"754",754,"A","G",1,1414
"755",755,"A","C",8.5,1356
"756",756,"T","G",1.9,1376
"757",757,"C","A",36.8,1795
"758",758,"C","G",20.3,1745
"759",759,"A","G",38.9,1026
"760",760,"C","C",NA,1757
"761",761,"C","C",NA,1124
"762",762,"T","T",NA,1159
"763",763,"G","G",NA,1473
"764",764,"T","G",36.3,1765
"765",765,"C","T",25.8,1996
"766",766,"C","A",3.2,1053
"767",767,"C","G",2.5,1749
"768",768,"A","T",9.2,1825
"769",769,"G","A",6.6,1301
"770",770,"T","T",NA,1099
"771",771,"G","A",24.8,1147
"772",772,"G","A",31.2,1313
"773",773,"G","A",22.3,1667
"774",774,"A","A",NA,1233
"775",775,"G","C",28.3,1574
"776",776,"A","A",NA,1572
"777",777,"T","C",15.7,1934
"778",778,"A","A",NA,1783
"779",779,"T","C",11.4,1142
"780",780,"C","T",37,1934
"781",781,"T","G",3.2,1940
"782",782,"A","T",22.2,1695
"783",783,"T","A",32.1,1594
"784",784,"A","T",19.9,1808
"785",785,"A","A",NA,1174
"786",786,"A","T",32.9,1792
"787",787,"A","T",14.4,1405
"788",788,"G","G",NA,1257
"789",789,"A","C",22.8,1139
"790",790,"T","A",31.3,1060
"791",791,"G","C",2.6,1695
"792",792,"G","T",36.9,1215
"793",793,"A","C",10.6,1586
"794",794,"T","C",20.5,1149
"795",795,"A","G",17.4,1229
"796",796,"A","A",NA,1693
"797",797,"T","A",22.4,1181
"798",798,"T","A",4.3,1694
"799",799,"C","A",4.2,1775
"800",800,"T","T",NA,1216
"801",801,"G","G",NA,1433
"802",802,"G","A",12.9,1670
"803",803,"G","C",15.2,1546
"804",804,"A","A",NA,1818
"805",805,"T","A",37.3,1872
"806",806,"T","A",20.5,1416
"807",807,"A","A",NA,1415
"808",808,"A","C",13.1,1587
"809",809,"A","G",2.8,1983
"810",810,"T","A",32.7,1351
"811",811,"A","G",22.7,1510
"812",812,"A","G",13.4,1756
"813",813,"A","A",NA,1938
"814",814,"A","G",23.3,1533
"815",815,"T","G",20.1,1217
"816",816,"A","A",NA,1252
"817",817,"G","T",39.3,1231
"818",818,"T","C",10.6,1992
"819",819,"A","G",15.5,1267
"820",820,"A","C",32.4,1900
"821",821,"G","G",NA,1446
"822",822,"A","T",10.2,1423
"823",823,"A","C",25.4,1995
"824",824,"T","A",9.5,1670
"825",825,"G","T",4.4,1723
"826",826,"T","A",37.2,1184
"827",827,"A","C",27.3,1336
"828",828,"T","A",16.8,1814
"829",829,"A","T",12.7,1992
"830",830,"G","A",20.2,1435
"831",831,"C","C",NA,1783
"832",832,"C","A",3.5,1036
"833",833,"C","C",NA,1167
"834",834,"T","G",19.5,1585
"835",835,"G","T",4.8,1946
"836",836,"T","A",31,1496
"837",837,"T","C",30.4,1583
"838",838,"A","C",30.2,1209
"839",839,"G","G",NA,1285
"840",840,"C","T",21.3,1633
"841",841,"A","T",14.6,1346
"842",842,"T","G",22.5,1257
"843",843,"T","G",4.8,1733
"844",844,"T","C",36.6,1392
"845",845,"T","A",13.6,1142
"846",846,"G","T",4.6,1841
"847",847,"G","A",16.8,1090
"848",848,"A","T",23.1,1809
"849",849,"C","T",24.9,1973
"850",850,"A","A",NA,1120
"851",851,"T","G",3.2,1395
"852",852,"A","T",11.1,1282
"853",853,"A","A",NA,1207
"854",854,"A","A",NA,1946
"855",855,"A","C",5.2,1078
"856",856,"C","C",NA,1797
"857",857,"A","G",7.3,1785
"858",858,"A","T",12.2,1905
"859",859,"G","T",7.1,1202
"860",860,"G","A",1,1108
"861",861,"A","T",7.4,1779
"862",862,"C","T",35.3,1396
"863",863,"C","T",13.8,1958
"864",864,"A","T",26,1773
"865",865,"A","C",37.4,1968
"866",866,"A","A",NA,1821
"867",867,"A","G",3.4,1309
"868",868,"G","T",36.3,1468
"869",869,"A","A",NA,1670
"870",870,"A","G",19.9,1489
"871",871,"C","G",10.7,1237
"872",872,"C","G",24.8,1186
"873",873,"C","T",11.5,1608
"874",874,"T","T",NA,1968
"875",875,"T","C",26.7,1251
"876",876,"C","T",20.8,1886
"877",877,"A","A",NA,1675
"878",878,"G","C",3.7,1178
"879",879,"A","G",5.6,1810
"880",880,"G","G",NA,1078
"881",881,"A","T",19.4,1920
"882",882,"C","A",22.2,1065
"883",883,"T","A",4,1951
"884",884,"A","G",22.3,1423
"885",885,"T","G",24,1421
"886",886,"G","C",17,1335
"887",887,"T","T",NA,1945
"888",888,"A","G",14.4,1104
"889",889,"G","A",27.4,1862
"890",890,"A","C",3.7,1575
"891",891,"T","C",36.6,1216
"892",892,"C","G",14.8,1894
"893",893,"G","A",33.3,1141
"894",894,"G","A",22.9,1537
"895",895,"T","A",30,1918
"896",896,"T","T",NA,1583
"897",897,"C","G",21.1,1769
"898",898,"T","T",NA,1725
"899",899,"T","G",10.8,1752
"900",900,"T","A",19.9,1592
"901",901,"A","C",12.3,1194
"902",902,"A","T",31,1847
"903",903,"A","T",39.3,1065
"904",904,"G","G",NA,1271
"905",905,"C","T",33.8,1656
"906",906,"T","A",9.9,1300
"907",907,"C","T",21.7,1703
"908",908,"T","G",17,1272
"909",909,"C","C",NA,1243
"910",910,"A","T",4.1,1533
"911",911,"G","A",39.2,1016
"912",912,"A","G",10,1047
"913",913,"G","T",13.2,1573
"914",914,"C","A",27.3,1739
"915",915,"C","C",NA,1726
"916",916,"G","A",19.6,1327
"917",917,"A","G",39.9,1375
"918",918,"A","T",20,1128
"919",919,"C","C",NA,1030
"920",920,"A","T",29,1379
"921",921,"A","C",31.2,1332
"922",922,"G","C",10.4,1652
"923",923,"C","C",NA,1393
"924",924,"T","A",24.8,1164
"925",925,"A","T",38.1,1821
"926",926,"C","G",37.4,1634
"927",927,"A","G",11.8,1330
"928",928,"C","G",29.4,1599
"929",929,"A","G",26.5,1034
"930",930,"G","T",25.4,1212
"931",931,"G","C",19,1939
"932",932,"A","C",30.1,1830
"933",933,"T","C",20.8,1363
"934",934,"G","C",16,1819
"935",935,"T","G",29.2,1626
"936",936,"A","A",NA,1807
"937",937,"A","C",19.5,1389
"938",938,"A","C",3.4,1853
"939",939,"A","A",NA,1615
"940",940,"A","C",16.5,1673
"941",941,"A","G",31.5,1882
"942",942,"T","T",NA,1502
"943",943,"T","G",8.6,1487
"944",944,"G","T",39.8,1855
"945",945,"G","G",NA,1229
"946",946,"A","C",19,1520
"947",947,"T","C",38.7,1184
"948",948,"G","G",NA,1508
"949",949,"A","T",31.1,1765
"950",950,"C","T",13,1862
"951",951,"A","C",30.9,1548
"952",952,"G","T",10.6,1349
"953",953,"A","A",NA,1925
"954",954,"C","C",NA,1112
"955",955,"A","T",30,1334
"956",956,"C","A",19.6,1430
"957",957,"C","G",35.1,1831
"958",958,"T","A",11.8,1468
"959",959,"T","G",34.5,1108
"960",960,"G","T",2,1607
"961",961,"C","T",16,1028
"962",962,"T","T",NA,1134
"963",963,"G","G",NA,1088
"964",964,"G","G",NA,1732
"965",965,"T","A",39.2,1466
"966",966,"C","C",NA,1445
"967",967,"C","C",NA,1109
"968",968,"A","T",16,1081
"969",969,"G","G",NA,1458
"970",970,"A","G",9,1471
"971",971,"A","C",20.9,1551
"972",972,"T","A",1.4,1942
"973",973,"G","T",10.4,1393
"974",974,"C","A",33.3,1806
"975",975,"A","T",27.1,1075
"976",976,"A","C",15.8,1066
"977",977,"A","T",11.8,1832
"978",978,"T","C",18.6,1108
"979",979,"C","G",35.7,1431
"980",980,"C","G",25.7,1894
"981",981,"A","A",NA,1613
"982",982,"G","C",3.9,1898
"983",983,"A","G",23.7,1102
"984",984,"T","A",31.2,1093
"985",985,"T","G",36.6,1307
"986",986,"G","A",20.1,1902
"987",987,"T","T",NA,1622
"988",988,"A","G",16.5,1714
"989",989,"A","A",NA,1494
"990",990,"G","C",20.2,1323
"991",991,"T","T",NA,1212
"992",992,"C","G",30.6,1127
"993",993,"C","T",24.3,1962
"994",994,"A","G",16.6,1178
"995",995,"T","C",33.5,1384
"996",996,"C","C",NA,1487
"997",997,"T","A",4.7,1267
"998",998,"T","A",6.7,1360
"999",999,"A","G",14.4,1224
"1000",1000,"A","A",NA,1506
"1001",1001,"G","C",9.9,1878
"1002",1002,"A","C",8.6,1151
"1003",1003,"G","G",NA,1071
"1004",1004,"C","G",21.6,1330
"1005",1005,"A","A",NA,1658
"1006",1006,"T","A",39.9,1910
"1007",1007,"T","G",8.6,1976
"1008",1008,"A","G",8.4,1365
"1009",1009,"G","C",7.3,1340
"1010",1010,"G","T",7.6,1639
"1011",1011,"A","T",3.2,1437
"1012",1012,"T","T",NA,1977
"1013",1013,"C","C",NA,1958
"1014",1014,"A","G",20.3,1323
"1015",1015,"G","A",3.7,1380
"1016",1016,"G","A",28.1,1053
"1017",1017,"G","G",NA,1265
"1018",1018,"G","A",39.9,1900
"1019",1019,"C","T",4.9,1831
"1020",1020,"T","C",33.1,1779
"1021",1021,"A","A",NA,1947
"1022",1022,"C","C",NA,1236
"1023",1023,"A","T",34.3,1434
"1024",1024,"T","T",NA,1711
"1025",1025,"T","C",20,1410
"1026",1026,"A","C",30.3,1155
"1027",1027,"G","G",NA,1827
"1028",1028,"A","C",23.8,1643
"1029",1029,"A","T",38.2,1297
"1030",1030,"G","C",24.5,1504
"1031",1031,"A","G",33.3,1019
"1032",1032,"A","G",12,1168
"1033",1033,"A","G",28.9,1156
"1034",1034,"T","A",9.4,1333
"1035",1035,"G","C",32.3,1235
"1036",1036,"A","G",30.9,1530
"1037",1037,"T","A",21.7,1813
"1038",1038,"G","C",12.1,1007
"1039",1039,"A","G",20.3,1245
"1040",1040,"C","C",NA,1346
"1041",1041,"A","T",21.5,1023
"1042",1042,"G","A",29.1,1474
"1043",1043,"C","T",30.9,1095
"1044",1044,"A","A",NA,1968
"1045",1045,"T","T",NA,1988
"1046",1046,"G","T",1.6,1261
"1047",1047,"T","A",27.1,1809
"1048",1048,"C","T",5.6,1832
"1049",1049,"A","C",33.2,1629
"1050",1050,"G","T",31.6,1711
"1051",1051,"G","A",7.9,1000
"1052",1052,"G","G",NA,1686
"1053",1053,"A","T",27.6,1159
"1054",1054,"G","C",39.3,1926
"1055",1055,"T","C",5.9,1855
"1056",1056,"G","G",NA,1862
"1057",1057,"G","C",37.1,1406
"1058",1058,"G","T",6,1675
"1059",1059,"A","C",6.6,1746
"1060",1060,"G","T",17,1101
"1061",1061,"G","A",15.7,1882
"1062",1062,"A","G",26.7,1662
"1063",1063,"C","C",NA,1568
"1064",1064,"C","C",NA,1076
"1065",1065,"C","C",NA,1022
"1066",1066,"G","T",24.1,1376
"1067",1067,"G","G",NA,1577
"1068",1068,"C","C",NA,1206
"1069",1069,"C","T",33.3,1040
"1070",1070,"A","T",16.3,1669
"1071",1071,"T","C",11.2,1844
"1072",1072,"A","T",16.2,1058
"1073",1073,"A","C",18.9,1250
"1074",1074,"A","G",20.1,1456
"1075",1075,"G","A",10.7,1397
"1076",1076,"C","G",20.9,1715
"1077",1077,"A","A",NA,1151
"1078",1078,"A","G",3,1028
"1079",1079,"G","T",37.7,1521
"1080",1080,"G","G",NA,1240
"1081",1081,"G","A",35.2,1024
"1082",1082,"T","G",26.2,1840
"1083",1083,"T","G",5.4,1997
"1084",1084,"T","T",NA,1419
"1085",1085,"T","A",11.9,1823
"1086",1086,"A","T",8.5,1271
"1087",1087,"G","G",NA,1859
"1088",1088,"C","A",2.5,1903
"1089",1089,"A","G",2.1,1436
"1090",1090,"G","G",NA,1210
"1091",1091,"A","C",9.3,1878
"1092",1092,"G","C",15,1938
"1093",1093,"G","C",5.1,1509
"1094",1094,"C","G",8.1,1099
"1095",1095,"A","A",NA,1556
"1096",1096,"A","T",9.7,1086
"1097",1097,"T","G",20.1,1768
"1098",1098,"G","A",37.6,1189
"1099",1099,"A","T",12.8,1914
"1100",1100,"G","C",25.4,1055
"1101",1101,"T","T",NA,1707
"1102",1102,"C","C",NA,1274
"1103",1103,"A","C",35.5,1556
"1104",1104,"A","T",2,1014
"1105",1105,"G","T",3.4,1949
"1106",1106,"T","A",13.8,1384
"1107",1107,"A","G",26.5,1316
"1108",1108,"C","C",NA,1005
"1109",1109,"A","A",NA,1995
"1110",1110,"A","C",16,1522
"1111",1111,"C","G",35.9,1575
"1112",1112,"A","T",25.9,1627
"1113",1113,"G","G",NA,1490
"1114",1114,"A","C",11.2,1745
"1115",1115,"C","G",26,1232
"1116",1116,"A","T",27,1125
"1117",1117,"A","C",15.3,1095
"1118",1118,"A","C",5.7,1850
"1119",1119,"C","C",NA,1413
"1120",1120,"A","T",31,1045
"1121",1121,"T","T",NA,1054
"1122",1122,"A","A",NA,1492
"1123",1123,"A","T",20.9,1230
"1124",1124,"T","A",33.4,1447
"1125",1125,"G","C",35.5,1373
"1126",1126,"A","G",15.6,1024
"1127",1127,"T","A",32.4,1651
"1128",1128,"G","A",24.6,1427
"1129",1129,"C","A",24.6,1244
"1130",1130,"A","A",NA,1749
"1131",1131,"G","G",NA,1682
"1132",1132,"A","G",31.7,1315
"1133",1133,"G","A",16.2,1749
"1134",1134,"A","C",27,1127
"1135",1135,"G","G",NA,1938
"1136",1136,"G","A",37.9,1116
"1137",1137,"C","A",29.3,1890
"1138",1138,"A","A",NA,1214
"1139",1139,"A","C",28.1,1466
"1140",1140,"T","T",NA,1012
"1141",1141,"T","T",NA,1358
"1142",1142,"T","C",34.8,1931
"1143",1143,"T","G",29.2,1458
"1144",1144,"A","C",5,1612
"1145",1145,"G","G",NA,1355
"1146",1146,"A","C",15.6,1921
"1147",1147,"G","G",NA,1549
"1148",1148,"G","G",NA,1246
"1149",1149,"C","A",28.3,1079
"1150",1150,"C","A",8.3,1009
"1151",1151,"A","A",NA,1541
"1152",1152,"G","G",NA,1016
"1153",1153,"A","C",8.4,1625
"1154",1154,"A","G",10.9,1265
"1155",1155,"A","A",NA,1341
"1156",1156,"A","C",3.7,1905
"1157",1157,"G","G",NA,1580
"1158",1158,"A","C",7.4,1043
"1159",1159,"A","T",17.1,1266
"1160",1160,"T","T",NA,1747
"1161",1161,"T","A",27.3,1826
"1162",1162,"A","A",NA,1950
"1163",1163,"A","T",30,1030
"1164",1164,"G","A",13.2,1515
"1165",1165,"T","G",27.8,1159
"1166",1166,"G","A",39.9,1132
"1167",1167,"T","G",6.9,1072
"1168",1168,"T","C",28.6,1697
"1169",1169,"T","C",18,1623
"1170",1170,"C","C",NA,1776
"1171",1171,"A","A",NA,1794
"1172",1172,"A","T",34.1,1711
"1173",1173,"C","T",36.2,1342
"1174",1174,"T","A",31.6,1585
"1175",1175,"G","T",8.5,1561
"1176",1176,"T","T",NA,1270
"1177",1177,"G","C",37.5,1416
"1178",1178,"G","G",NA,1544
"1179",1179,"C","G",26.1,1775
"1180",1180,"A","T",2.5,1286
"1181",1181,"A","A",NA,1241
"1182",1182,"A","C",11.1,1972
"1183",1183,"G","G",NA,1787
"1184",1184,"A","C",31.7,1204
"1185",1185,"A","G",27.5,1893
"1186",1186,"G","C",11.7,1703
"1187",1187,"G","G",NA,1386
"1188",1188,"A","C",14.2,1747
"1189",1189,"C","G",24.6,1162
"1190",1190,"A","A",NA,1513
"1191",1191,"C","C",NA,1002
"1192",1192,"C","G",5.9,1657
"1193",1193,"T","T",NA,1801
"1194",1194,"A","C",7.5,1380
"1195",1195,"G","T",30.6,1278
"1196",1196,"C","A",3.9,1759
"1197",1197,"C","C",NA,1701
"1198",1198,"A","A",NA,1925
"1199",1199,"G","G",NA,1828
"1200",1200,"A","T",39.3,1966
"1201",1201,"A","A",NA,1649
"1202",1202,"A","G",21.8,1698
"1203",1203,"T","C",7.9,1675
"1204",1204,"T","G",11.2,1065
"1205",1205,"G","A",9.1,1346
"1206",1206,"C","T",18.7,1477
"1207",1207,"A","A",NA,1667
"1208",1208,"G","G",NA,1601
"1209",1209,"G","C",38,1683
"1210",1210,"G","G",NA,1884
"1211",1211,"C","C",NA,1048
"1212",1212,"C","G",29.2,1789
"1213",1213,"C","G",29.9,1324
"1214",1214,"C","C",NA,1267
"1215",1215,"T","C",2.4,2000
"1216",1216,"A","T",36.9,1692
"1217",1217,"G","T",32.7,1738
"1218",1218,"G","C",27.2,1393
"1219",1219,"A","G",28.7,1809
"1220",1220,"A","C",26.4,1177
"1221",1221,"A","A",NA,1885
"1222",1222,"A","A",NA,1886
"1223",1223,"A","G",39,1465
"1224",1224,"G","G",NA,1221
"1225",1225,"G","T",36.2,1244
"1226",1226,"G","A",23.3,1086
"1227",1227,"C","A",36.4,1160
"1228",1228,"T","A",7,1164
"1229",1229,"G","T",32.6,1307
"1230",1230,"T","G",5.7,1217
"1231",1231,"T","G",39.9,1801
"1232",1232,"G","C",2.6,1630
"1233",1233,"G","G",NA,1359
"1234",1234,"A","A",NA,1391
"1235",1235,"A","T",16,1513
"1236",1236,"A","T",13.8,1315
"1237",1237,"T","C",22.2,1763
"1238",1238,"G","C",14.5,1967
"1239",1239,"T","C",11.3,1626
"1240",1240,"G","C",28.5,1270
"1241",1241,"G","G",NA,1907
"1242",1242,"A","A",NA,1726
"1243",1243,"A","C",14,1495
"1244",1244,"A","G",35.1,1509
"1245",1245,"A","G",18.3,1299
"1246",1246,"G","C",13.6,1820
"1247",1247,"A","C",8.7,1025
"1248",1248,"A","C",28.7,1648
"1249",1249,"G","C",29,1588
"1250",1250,"G","A",28,1109
"1251",1251,"A","A",NA,1320
"1252",1252,"C","T",25.4,1342
"1253",1253,"A","A",NA,1579
"1254",1254,"C","A",25.6,1780
"1255",1255,"C","T",8.2,1331
"1256",1256,"A","G",24.9,1497
"1257",1257,"A","G",14.8,1471
"1258",1258,"A","C",18.7,1292
"1259",1259,"T","T",NA,1102
"1260",1260,"G","T",3.9,1484
"1261",1261,"A","C",13.8,1896
"1262",1262,"A","C",28.3,1985
"1263",1263,"A","A",NA,1012
"1264",1264,"G","C",12,1390
"1265",1265,"A","T",39.9,1374
"1266",1266,"C","G",29.9,1339
"1267",1267,"T","C",36.1,1550
"1268",1268,"G","G",NA,1613
"1269",1269,"C","G",19.9,1829
"1270",1270,"A","C",36.8,1230
"1271",1271,"C","C",NA,1161
"1272",1272,"T","A",24.2,1453
"1273",1273,"G","A",33.3,1852
"1274",1274,"A","T",13.1,1304
"1275",1275,"A","A",NA,1501
"1276",1276,"A","A",NA,1851
"1277",1277,"G","C",37.4,1470
"1278",1278,"A","T",37.5,1527
"1279",1279,"C","A",4.5,1887
"1280",1280,"A","T",5.1,1865
"1281",1281,"G","G",NA,1342
"1282",1282,"G","G",NA,1189
"1283",1283,"C","T",7.8,1288
"1284",1284,"T","T",NA,1830
"1285",1285,"A","G",26.9,1559
"1286",1286,"A","G",3.6,1547
"1287",1287,"T","G",7.7,1794
"1288",1288,"T","G",28.5,1972
"1289",1289,"T","T",NA,1622
"1290",1290,"T","G",3.2,1229
"1291",1291,"T","G",15.7,1174
"1292",1292,"T","C",38.5,1031
"1293",1293,"A","A",NA,1191
"1294",1294,"G","T",36.4,1189
"1295",1295,"G","G",NA,1503
"1296",1296,"G","A",29.3,1945
"1297",1297,"A","T",1.4,1925
"1298",1298,"G","C",19.4,1301
"1299",1299,"A","G",31.5,1579
"1300",1300,"A","A",NA,1790
"1301",1301,"T","G",2.2,1040
"1302",1302,"T","G",12.5,1895
"1303",1303,"T","A",3,1608
"1304",1304,"G","T",4.9,1481
"1305",1305,"G","G",NA,1141
"1306",1306,"C","C",NA,1614
"1307",1307,"C","C",NA,1019
"1308",1308,"T","T",NA,1091
"1309",1309,"T","C",26.1,1439
"1310",1310,"C","A",3.5,1541
"1311",1311,"C","G",8.3,1909
"1312",1312,"C","C",NA,1304
"1313",1313,"A","A",NA,1682
"1314",1314,"C","T",27.6,1956
"1315",1315,"A","T",15.8,1775
"1316",1316,"A","G",25.9,1413
"1317",1317,"G","C",38.4,1723
"1318",1318,"G","A",20.2,1356
"1319",1319,"G","A",3.9,1961
"1320",1320,"G","A",27.6,1837
"1321",1321,"A","C",25.4,1819
"1322",1322,"G","T",14.2,1935
"1323",1323,"G","C",39.4,1691
"1324",1324,"C","T",10.4,1467
"1325",1325,"C","G",25.3,1563
"1326",1326,"A","G",3.9,1014
"1327",1327,"G","A",21.5,1363
"1328",1328,"G","G",NA,1804
"1329",1329,"A","T",2.2,1528
"1330",1330,"A","A",NA,1352
"1331",1331,"A","C",25.1,1597
"1332",1332,"T","C",13.5,1392
"1333",1333,"T","T",NA,1331
"1334",1334,"T","A",2.8,1821
"1335",1335,"T","T",NA,1991
"1336",1336,"C","A",9.4,1171
"1337",1337,"C","A",27.4,1262
"1338",1338,"C","T",36.2,1254
"1339",1339,"C","C",NA,1153
"1340",1340,"A","C",37.8,1048
"1341",1341,"G","C",29.7,1183
"1342",1342,"A","C",7.9,1669
"1343",1343,"G","C",9.8,1331
"1344",1344,"C","T",22.8,1612
"1345",1345,"A","G",9.8,1777
"1346",1346,"G","C",9.7,1333
"1347",1347,"A","C",34.6,1385
"1348",1348,"C","T",27.2,1862
"1349",1349,"C","G",14.4,1967
"1350",1350,"A","G",28.1,1463
"1351",1351,"G","C",26.7,1022
"1352",1352,"A","G",23.3,1138
"1353",1353,"G","A",12.1,1170
"1354",1354,"C","A",25.3,1531
"1355",1355,"C","C",NA,1294
"1356",1356,"A","G",31.4,1859
"1357",1357,"A","A",NA,1552
"1358",1358,"C","C",NA,1087
"1359",1359,"A","A",NA,1036
"1360",1360,"G","A",23.7,1773
"1361",1361,"C","G",34.1,1168
"1362",1362,"C","C",NA,1962
"1363",1363,"C","A",11.3,1891
"1364",1364,"C","T",11.7,1349
"1365",1365,"A","A",NA,1148
"1366",1366,"C","A",13.2,1558
"1367",1367,"C","A",6.9,1384
"1368",1368,"A","C",26.7,1528
"1369",1369,"G","T",21.8,1682
"1370",1370,"C","T",17.2,1337
"1371",1371,"A","A",NA,1862
"1372",1372,"G","C",4,1355
"1373",1373,"A","C",32.3,1804
"1374",1374,"A","A",NA,1692
"1375",1375,"C","A",21.6,1569
"1376",1376,"T","T",NA,1772
"1377",1377,"C","T",10.9,1804
"1378",1378,"C","T",20.3,1185
"1379",1379,"T","T",NA,1416
"1380",1380,"T","G",32.7,1257
"1381",1381,"G","C",7.3,1425
"1382",1382,"G","T",12.7,1021
"1383",1383,"G","T",16,1499
"1384",1384,"A","C",34.7,1878
"1385",1385,"T","T",NA,1766
"1386",1386,"G","A",39.7,1600
"1387",1387,"G","T",19.5,1140
"1388",1388,"G","A",16.1,1765
"1389",1389,"G","A",1.8,1219
"1390",1390,"G","T",12.3,1287
"1391",1391,"A","A",NA,1970
"1392",1392,"A","G",25.4,1586
"1393",1393,"G","C",18.1,1369
"1394",1394,"A","C",34,1307
"1395",1395,"G","A",21.3,1349
"1396",1396,"A","C",20.3,1337
"1397",1397,"T","G",6.7,1666
"1398",1398,"A","T",26.2,1855
"1399",1399,"A","A",NA,1918
"1400",1400,"C","A",39.5,1929
"1401",1401,"C","A",1.9,1543
"1402",1402,"T","C",18.8,1906
"1403",1403,"C","A",18.9,1855
"1404",1404,"C","A",22.9,1169
"1405",1405,"C","A",30.6,1947
"1406",1406,"C","T",5.2,1248
"1407",1407,"T","C",25.7,1042
"1408",1408,"C","C",NA,1362
"1409",1409,"C","T",16.7,1160
"1410",1410,"G","C",28,1247
"1411",1411,"A","G",8.1,1090
"1412",1412,"A","T",25.8,1197
"1413",1413,"G","C",16.6,1293
"1414",1414,"C","C",NA,1298
"1415",1415,"A","A",NA,1187
"1416",1416,"G","A",4.8,1049
"1417",1417,"G","G",NA,1697
"1418",1418,"G","A",36.3,1193
"1419",1419,"G","A",6.3,1564
"1420",1420,"C","G",7.1,1945
"1421",1421,"A","T",18.1,1302
"1422",1422,"G","C",12.3,1342
"1423",1423,"A","C",38.6,1795
"1424",1424,"A","T",25.7,1413
"1425",1425,"A","G",26.1,1147
"1426",1426,"G","T",24.6,1786
"1427",1427,"A","A",NA,1051
"1428",1428,"C","C",NA,1690
"1429",1429,"A","T",7,1475
"1430",1430,"A","G",7,1899
"1431",1431,"G","C",9.2,1845
"1432",1432,"G","T",20.9,1941
"1433",1433,"A","A",NA,1787
"1434",1434,"G","C",34.9,1484
"1435",1435,"C","T",15.7,1320
"1436",1436,"A","G",21.7,1309
"1437",1437,"G","G",NA,1446
"1438",1438,"G","C",34.2,1066
"1439",1439,"C","A",28,1377
"1440",1440,"A","A",NA,1363
"1441",1441,"G","T",27.4,1721
"1442",1442,"A","A",NA,1838
"1443",1443,"C","A",16,1668
"1444",1444,"C","T",34.7,1707
"1445",1445,"A","A",NA,1889
"1446",1446,"A","C",30.5,1338
"1447",1447,"C","A",37.3,1814
"1448",1448,"C","T",15.9,1355
"1449",1449,"C","A",16.7,1668
"1450",1450,"T","A",21.3,1330
"1451",1451,"T","T",NA,1312
"1452",1452,"A","A",NA,1358
"1453",1453,"G","C",3.3,1959
"1454",1454,"T","C",6.6,1926
"1455",1455,"T","G",13.5,1815
"1456",1456,"T","G",33.8,1562
"1457",1457,"C","A",21.6,1272
"1458",1458,"C","T",14.4,1903
"1459",1459,"C","G",11.8,1956
"1460",1460,"T","G",16.3,1889
"1461",1461,"C","G",11.4,1145
"1462",1462,"A","T",28.8,1180
"1463",1463,"A","T",14.9,1395
"1464",1464,"A","C",4.2,1032
"1465",1465,"T","A",1.1,1242
"1466",1466,"C","G",33.2,1270
"1467",1467,"A","A",NA,1698
"1468",1468,"C","C",NA,1422
"1469",1469,"T","A",9.5,1079
"1470",1470,"C","C",NA,1560
"1471",1471,"T","G",16.9,1977
"1472",1472,"T","A",34.5,1365
"1473",1473,"T","G",16.9,1290
"1474",1474,"G","A",10.5,1106
"1475",1475,"G","G",NA,1598
"1476",1476,"C","A",18.9,1725
"1477",1477,"A","T",13.5,1975
"1478",1478,"A","C",28.2,1543
"1479",1479,"C","C",NA,1330
"1480",1480,"G","A",26.6,1584
"1481",1481,"A","A",NA,1515
"1482",1482,"C","A",29.9,1242
"1483",1483,"C","C",NA,1656
"1484",1484,"C","C",NA,1607
"1485",1485,"C","T",5.7,1038
"1486",1486,"T","T",NA,1617
"1487",1487,"T","G",16.1,1011
"1488",1488,"G","A",33.5,1219
"1489",1489,"T","C",39,1609
"1490",1490,"C","A",37.6,1515
"1491",1491,"A","A",NA,1671
"1492",1492,"C","C",NA,1755
"1493",1493,"A","C",16.4,1618
"1494",1494,"G","A",11.4,1605
"1495",1495,"T","A",22.4,1708
"1496",1496,"A","C",36.3,1877
"1497",1497,"A","G",35.7,1338
"1498",1498,"A","C",9.6,1387
"1499",1499,"A","A",NA,1700
"1500",1500,"G","A",31.5,1122
"1501",1501,"T","T",NA,1802
"1502",1502,"A","G",26.1,1249
"1503",1503,"G","G",NA,1726
"1504",1504,"G","A",22.8,1139
"1505",1505,"A","A",NA,1666
"1506",1506,"G","C",1.6,1886
"1507",1507,"G","T",9,1354
"1508",1508,"A","T",34.6,1395
"1509",1509,"C","C",NA,1326
"1510",1510,"A","G",38.7,1962
"1511",1511,"G","T",15.3,1569
"1512",1512,"C","C",NA,1862
"1513",1513,"T","G",25.2,1345
"1514",1514,"A","A",NA,1556
"1515",1515,"A","T",20.8,1328
"1516",1516,"A","T",30,1938
"1517",1517,"A","T",37.4,1295
"1518",1518,"G","G",NA,1251
"1519",1519,"A","A",NA,1603
"1520",1520,"A","T",8.7,1760
"1521",1521,"G","C",6.4,1901
"1522",1522,"C","C",NA,1203
"1523",1523,"T","G",15.9,1289
"1524",1524,"C","T",11.6,1319
"1525",1525,"T","C",18.7,1380
"1526",1526,"A","G",3.5,1622
"1527",1527,"T","G",35.7,1901
"1528",1528,"T","C",18.3,1827
"1529",1529,"A","C",23.4,1803
"1530",1530,"G","A",19.3,1735
"1531",1531,"A","G",29.5,1602
"1532",1532,"T","T",NA,1087
"1533",1533,"A","G",19.4,1237
"1534",1534,"C","A",13.4,1536
"1535",1535,"A","T",36.7,1660
"1536",1536,"G","A",34.8,1546
"1537",1537,"G","G",NA,1490
"1538",1538,"A","T",3.2,1693
"1539",1539,"G","G",NA,1859
"1540",1540,"C","G",8.5,1214
"1541",1541,"A","A",NA,1818
"1542",1542,"G","G",NA,1456
"1543",1543,"A","A",NA,1729
"1544",1544,"T","A",23.2,1603
"1545",1545,"G","C",30.2,1468
"1546",1546,"A","T",7.8,1415
"1547",1547,"T","A",15,1155
"1548",1548,"A","G",10.2,1177
"1549",1549,"C","G",34.8,1484
"1550",1550,"A","A",NA,1621
"1551",1551,"G","T",17.1,1525
"1552",1552,"T","C",38.5,1644
"1553",1553,"A","C",13.3,1005
"1554",1554,"T","G",22,1419
"1555",1555,"T","C",21.6,1091
"1556",1556,"A","G",32.6,1022
"1557",1557,"G","C",12,1434
"1558",1558,"A","T",36.4,1564
"1559",1559,"A","C",10.1,1399
"1560",1560,"G","C",11.7,1635
"1561",1561,"A","G",4.6,1859
"1562",1562,"T","C",8.5,1751
"1563",1563,"A","T",33.4,1709
"1564",1564,"T","C",6.6,1358
"1565",1565,"A","C",1,1008
"1566",1566,"A","T",15.5,1794
"1567",1567,"A","C",1.4,1736
"1568",1568,"T","A",17.5,1155
"1569",1569,"T","G",27.9,1693
"1570",1570,"T","C",5.8,1167
"1571",1571,"G","G",NA,1605
"1572",1572,"C","T",33.4,1559
"1573",1573,"C","G",28.7,1044
"1574",1574,"A","T",23,1939
"1575",1575,"G","T",27.7,1887
"1576",1576,"G","A",21.4,1366
"1577",1577,"A","A",NA,1890
"1578",1578,"A","C",20.6,1213
"1579",1579,"A","G",7.1,1546
"1580",1580,"A","G",25.7,1036
"1581",1581,"T","G",29.6,1237
"1582",1582,"G","T",39.7,1907
"1583",1583,"G","G",NA,1893
"1584",1584,"A","C",21.3,1276
"1585",1585,"A","A",NA,1402
"1586",1586,"G","C",8.5,1763
"1587",1587,"C","G",29.4,1928
"1588",1588,"C","C",NA,1794
"1589",1589,"A","T",23.1,1816
"1590",1590,"A","T",33.5,1786
"1591",1591,"G","G",NA,1666
"1592",1592,"A","G",7.1,1792
"1593",1593,"A","A",NA,1098
"1594",1594,"T","T",NA,1181
"1595",1595,"G","A",38.8,1836
"1596",1596,"A","A",NA,1309
"1597",1597,"T","A",27.4,1026
"1598",1598,"A","A",NA,1381
"1599",1599,"G","A",27.7,1730
"1600",1600,"G","T",14.4,1980
"1601",1601,"G","T",13.5,1683
"1602",1602,"G","C",35.9,1920
"1603",1603,"G","G",NA,1454
"1604",1604,"A","G",4.9,1834
"1605",1605,"A","T",33.6,1327
"1606",1606,"T","C",36.1,1323
"1607",1607,"T","T",NA,1656
"1608",1608,"G","C",36.6,1444
"1609",1609,"G","G",NA,1776
"1610",1610,"A","T",8.3,1925
"1611",1611,"G","A",24.2,1983
"1612",1612,"G","C",20.4,1101
"1613",1613,"T","G",3.1,1952
"1614",1614,"T","G",7.6,1641
"1615",1615,"T","A",33.4,1003
"1616",1616,"T","G",39,1088
"1617",1617,"A","G",25.1,1180
"1618",1618,"T","G",5.1,1793
"1619",1619,"C","G",7.6,1981
"1620",1620,"A","C",36.3,1509
"1621",1621,"A","A",NA,1584
"1622",1622,"G","C",38.8,1615
"1623",1623,"G","A",20.3,1757
"1624",1624,"T","G",28.3,1347
"1625",1625,"A","G",37.2,1175
"1626",1626,"A","T",30.9,1291
"1627",1627,"A","G",18.1,1690
"1628",1628,"A","G",31.4,1164
"1629",1629,"C","G",36.4,1684
"1630",1630,"A","C",19.2,1951
"1631",1631,"G","C",27,1737
"1632",1632,"T","A",11.9,1270
"1633",1633,"A","G",33.7,1753
"1634",1634,"T","T",NA,1220
"1635",1635,"G","A",11.3,1260
"1636",1636,"A","C",20.8,1164
"1637",1637,"T","A",3.7,1088
"1638",1638,"C","A",25.4,1863
"1639",1639,"A","C",21,1367
"1640",1640,"G","A",39.8,1170
"1641",1641,"A","A",NA,1596
"1642",1642,"T","C",37.4,1798
"1643",1643,"A","G",30.1,1337
"1644",1644,"C","T",3.9,1837
"1645",1645,"C","G",4.4,1493
"1646",1646,"T","T",NA,1551
"1647",1647,"A","C",16,1743
"1648",1648,"T","T",NA,1020
"1649",1649,"A","A",NA,1632
"1650",1650,"G","C",30.8,1061
"1651",1651,"A","G",22.2,1993
"1652",1652,"A","A",NA,1129
"1653",1653,"A","A",NA,1467
"1654",1654,"T","G",25.4,1247
"1655",1655,"T","T",NA,1710
"1656",1656,"T","T",NA,1094
"1657",1657,"G","A",18.3,1055
"1658",1658,"T","C",38.6,1926
"1659",1659,"G","C",1.9,1678
"1660",1660,"G","G",NA,1077
"1661",1661,"A","G",31,1250
"1662",1662,"A","A",NA,1457
"1663",1663,"A","A",NA,1936
"1664",1664,"A","G",31,1687
"1665",1665,"A","G",6.3,1499
"1666",1666,"A","C",15.7,1291
"1667",1667,"G","T",8,1144
"1668",1668,"G","A",31.2,1229
"1669",1669,"C","G",23.1,1168
"1670",1670,"T","A",18,1551
"1671",1671,"A","A",NA,1033
"1672",1672,"T","T",NA,1155
"1673",1673,"A","T",12.8,1607
"1674",1674,"G","C",8.1,1238
"1675",1675,"G","G",NA,1148
"1676",1676,"T","T",NA,1441
"1677",1677,"A","G",13.7,1797
"1678",1678,"C","C",NA,1537
"1679",1679,"A","A",NA,1569
"1680",1680,"G","T",3.1,1286
"1681",1681,"T","G",25,1454
"1682",1682,"A","G",23.2,1036
"1683",1683,"T","A",28,1521
"1684",1684,"T","C",33.1,1069
"1685",1685,"A","T",2.2,1695
"1686",1686,"G","T",18,1981
"1687",1687,"T","T",NA,1775
"1688",1688,"A","C",20.8,1146
"1689",1689,"G","T",3.6,1780
"1690",1690,"G","C",26.4,1489
"1691",1691,"A","T",10.7,1774
"1692",1692,"C","T",23.3,1314
"1693",1693,"C","G",32.2,1509
"1694",1694,"C","T",6.9,1376
"1695",1695,"A","G",33.3,1878
"1696",1696,"C","A",5,1510
"1697",1697,"A","G",40,1513
"1698",1698,"C","A",18.2,1898
"1699",1699,"C","G",32.8,1561
"1700",1700,"T","C",35,1929
"1701",1701,"G","A",3.1,1921
"1702",1702,"T","C",22.3,1746
"1703",1703,"C","C",NA,1151
"1704",1704,"A","A",NA,1282
"1705",1705,"A","A",NA,1365
"1706",1706,"C","A",14.2,1914
"1707",1707,"A","G",15.3,1593
"1708",1708,"T","T",NA,1570
"1709",1709,"A","C",34.6,1812
"1710",1710,"A","A",NA,1915
"1711",1711,"T","T",NA,1503
"1712",1712,"T","C",17.7,1317
"1713",1713,"G","C",8.2,1260
"1714",1714,"G","G",NA,1329
"1715",1715,"A","C",28.7,1652
"1716",1716,"A","C",33.9,1586
"1717",1717,"G","A",24.6,1245
"1718",1718,"A","A",NA,1984
"1719",1719,"A","T",17.8,1403
"1720",1720,"A","C",30.7,1847
"1721",1721,"T","C",21.6,1541
"1722",1722,"A","G",13.9,1925
"1723",1723,"T","G",11.1,1329
"1724",1724,"G","G",NA,1842
"1725",1725,"T","A",26.1,1364
"1726",1726,"T","T",NA,1534
"1727",1727,"G","A",23.5,1197
"1728",1728,"A","A",NA,1093
"1729",1729,"C","C",NA,1745
"1730",1730,"T","G",19.4,1534
"1731",1731,"C","T",20.8,1495
"1732",1732,"A","T",14.5,1738
"1733",1733,"G","T",27.5,1856
"1734",1734,"A","A",NA,1034
"1735",1735,"T","G",9.2,1364
"1736",1736,"T","C",39.1,1021
"1737",1737,"G","A",30.3,1953
"1738",1738,"G","A",25.9,1495
"1739",1739,"T","G",15.2,1502
"1740",1740,"T","C",28.2,1659
"1741",1741,"G","G",NA,1365
"1742",1742,"T","C",26.1,1968
"1743",1743,"A","C",12.7,1261
"1744",1744,"C","A",15.8,1362
"1745",1745,"T","A",21.4,1196
"1746",1746,"T","C",10.3,1882
"1747",1747,"T","A",7,1656
"1748",1748,"A","A",NA,1401
"1749",1749,"A","A",NA,1837
"1750",1750,"A","C",7.1,1280
"1751",1751,"T","T",NA,1778
"1752",1752,"T","T",NA,1427
"1753",1753,"T","A",14,1352
"1754",1754,"T","G",33.8,1365
"1755",1755,"C","A",5,1822
"1756",1756,"C","A",34.3,1788
"1757",1757,"A","C",25.6,1344
"1758",1758,"A","G",36.7,1122
"1759",1759,"T","G",5.5,1048
"1760",1760,"T","C",31.7,1332
"1761",1761,"A","A",NA,1995
"1762",1762,"G","G",NA,1241
"1763",1763,"T","T",NA,1535
"1764",1764,"C","C",NA,1388
"1765",1765,"C","A",19.3,1941
"1766",1766,"T","C",1.8,1042
"1767",1767,"A","A",NA,1413
"1768",1768,"T","G",27.5,1112
"1769",1769,"T","G",34.8,1933
"1770",1770,"G","G",NA,1487
"1771",1771,"A","A",NA,1013
"1772",1772,"A","G",35.6,1876
"1773",1773,"A","A",NA,1235
"1774",1774,"C","G",26.6,1331
"1775",1775,"T","T",NA,1981
"1776",1776,"G","T",31.9,1262
"1777",1777,"T","T",NA,1465
"1778",1778,"A","G",20.5,1255
"1779",1779,"C","T",23.5,1173
"1780",1780,"C","A",25.1,1966
"1781",1781,"A","C",15.3,1811
"1782",1782,"G","C",35,1765
"1783",1783,"T","C",27.6,1480
"1784",1784,"A","G",15.8,1715
"1785",1785,"A","C",17.2,1413
"1786",1786,"A","G",20.7,1870
"1787",1787,"A","G",38,1565
"1788",1788,"T","G",28.3,1122
"1789",1789,"T","G",20.1,1787
"1790",1790,"A","G",34.3,1987
"1791",1791,"A","T",22.6,1490
"1792",1792,"A","G",23.4,1113
"1793",1793,"G","G",NA,1781
"1794",1794,"C","G",4.3,1789
"1795",1795,"C","A",21.7,1836
"1796",1796,"A","A",NA,1214
"1797",1797,"G","G",NA,1507
"1798",1798,"G","T",37.9,1378
"1799",1799,"G","T",5.9,1958
"1800",1800,"A","C",37.3,1588
"1801",1801,"T","T",NA,1302
"1802",1802,"G","A",15.1,1149
"1803",1803,"G","A",38.6,1901
"1804",1804,"A","A",NA,1804
"1805",1805,"T","A",24.8,1912
"1806",1806,"G","C",11.2,1741
"1807",1807,"G","C",38.5,1143
"1808",1808,"C","G",35,1415
"1809",1809,"C","C",NA,1217
"1810",1810,"C","T",9.9,1243
"1811",1811,"A","C",18.9,1535
"1812",1812,"A","T",9.6,1139
"1813",1813,"A","G",20.4,1518
"1814",1814,"A","T",26.4,1908
"1815",1815,"G","C",3,1479
"1816",1816,"T","T",NA,1131
"1817",1817,"T","C",19.9,1431
"1818",1818,"A","G",1.4,1013
"1819",1819,"A","T",9.4,1789
"1820",1820,"A","G",29.2,1745
"1821",1821,"C","G",13.5,1343
"1822",1822,"A","T",23.1,1087
"1823",1823,"A","G",24.7,1218
"1824",1824,"T","C",4.4,1702
"1825",1825,"G","C",29.6,1358
"1826",1826,"G","T",6.8,1394
"1827",1827,"C","A",28.6,1558
"1828",1828,"C","G",22.6,1819
"1829",1829,"A","C",37.2,1786
"1830",1830,"T","A",37.3,1803
"1831",1831,"T","T",NA,1654
"1832",1832,"G","T",39.7,1302
"1833",1833,"A","T",28.1,1831
"1834",1834,"C","A",15.1,1143
"1835",1835,"A","C",9.6,1004
"1836",1836,"G","C",1.7,1440
"1837",1837,"A","G",2.7,1680
"1838",1838,"A","G",36,1643
"1839",1839,"G","T",27.7,1757
"1840",1840,"A","A",NA,1621
"1841",1841,"A","G",22.9,1277
"1842",1842,"A","T",15,1133
"1843",1843,"A","T",24.4,1967
"1844",1844,"A","C",1.4,1152
"1845",1845,"A","A",NA,1378
"1846",1846,"T","C",39.7,1042
"1847",1847,"A","T",30.6,1644
"1848",1848,"A","G",31.8,1603
"1849",1849,"A","C",4.1,1057
"1850",1850,"A","G",8.5,1897
"1851",1851,"G","A",16.2,1270
"1852",1852,"C","T",32.7,1124
"1853",1853,"A","A",NA,1409
"1854",1854,"T","C",35.3,1135
"1855",1855,"T","G",26.3,1268
"1856",1856,"A","C",10.1,1722
"1857",1857,"A","A",NA,1860
"1858",1858,"C","C",NA,1809
"1859",1859,"A","A",NA,1324
"1860",1860,"G","T",15,1494
"1861",1861,"A","T",13,1861
"1862",1862,"A","A",NA,1807
"1863",1863,"A","A",NA,1156
"1864",1864,"T","C",11.3,1170
"1865",1865,"T","G",4.3,1144
"1866",1866,"T","C",10.5,1253
"1867",1867,"G","C",25.4,1095
"1868",1868,"T","A",22.1,1374
"1869",1869,"A","T",39.2,1962
"1870",1870,"A","G",12.3,1682
"1871",1871,"A","T",31.9,1966
"1872",1872,"G","C",38,1238
"1873",1873,"A","C",27.7,1849
"1874",1874,"G","T",9,1299
"1875",1875,"A","G",29.5,1121
"1876",1876,"T","C",39.9,1416
"1877",1877,"G","A",28.6,1993
"1878",1878,"G","C",38.8,1040
"1879",1879,"A","G",36.4,1362
"1880",1880,"A","G",34.9,1285
"1881",1881,"A","C",8.5,1859
"1882",1882,"A","C",5.7,1023
"1883",1883,"G","G",NA,1184
"1884",1884,"G","C",1.2,1431
"1885",1885,"A","C",7,1202
"1886",1886,"A","C",25.7,1268
"1887",1887,"G","T",10.5,1629
"1888",1888,"G","T",4.3,1690
"1889",1889,"A","T",16.7,1391
"1890",1890,"A","G",36.4,1525
"1891",1891,"A","G",30.2,1865
"1892",1892,"A","G",5.5,1005
"1893",1893,"A","C",22.5,1081
"1894",1894,"T","C",26.5,1795
"1895",1895,"C","C",NA,1245
"1896",1896,"T","T",NA,1356
"1897",1897,"C","A",19.7,1043
"1898",1898,"A","G",12.2,1918
"1899",1899,"A","C",2.1,1941
"1900",1900,"A","G",3.4,1919
"1901",1901,"A","A",NA,1069
"1902",1902,"A","A",NA,1051
"1903",1903,"T","T",NA,1857
"1904",1904,"T","A",5.8,1514
"1905",1905,"G","T",36.2,1804
"1906",1906,"G","A",25,1609
"1907",1907,"G","C",15.2,1034
"1908",1908,"C","G",6.4,1826
"1909",1909,"C","T",10.3,1313
"1910",1910,"T","C",6.1,1993
"1911",1911,"G","T",5.6,1282
"1912",1912,"A","G",2.9,1656
"1913",1913,"A","A",NA,1632
"1914",1914,"A","A",NA,1980
"1915",1915,"A","A",NA,1698
"1916",1916,"T","C",32.6,1731
"1917",1917,"C","A",25.4,1066
"1918",1918,"C","G",9.3,1813
"1919",1919,"A","A",NA,1890
"1920",1920,"T","G",6.6,1293
"1921",1921,"A","A",NA,1094
"1922",1922,"C","G",36.5,1475
"1923",1923,"A","T",28.8,1573
"1924",1924,"A","T",30.3,1171
"1925",1925,"T","A",31.8,1387
"1926",1926,"A","G",27.9,1193
"1927",1927,"C","C",NA,1204
"1928",1928,"T","A",7.8,1176
"1929",1929,"C","A",16.4,1042
"1930",1930,"C","G",16.9,1663
"1931",1931,"A","C",29.5,1648
"1932",1932,"G","T",10.4,1658
"1933",1933,"T","G",10.5,1843
"1934",1934,"A","T",7.3,1696
"1935",1935,"T","C",34,1288
"1936",1936,"T","T",NA,1886
"1937",1937,"T","C",2.6,1805
"1938",1938,"G","A",26.1,1573
"1939",1939,"C","A",18.7,1133
"1940",1940,"T","A",38.8,1217
"1941",1941,"A","A",NA,1717
"1942",1942,"T","G",19.1,1694
"1943",1943,"A","T",15.8,1748
"1944",1944,"A","A",NA,1974
"1945",1945,"A","A",NA,1579
"1946",1946,"G","A",32.2,1837
"1947",1947,"A","G",3.5,1987
"1948",1948,"A","A",NA,1132
"1949",1949,"A","G",12.2,1830
"1950",1950,"A","C",37.5,1392
"1951",1951,"A","G",35.2,1581
"1952",1952,"A","G",13.5,1902
"1953",1953,"G","A",29.2,1987
"1954",1954,"A","C",15.1,1355
"1955",1955,"T","G",19.4,1237
"1956",1956,"A","C",16.4,1031
"1957",1957,"G","C",16.7,1326
"1958",1958,"C","T",35.6,1130
"1959",1959,"A","C",37,1019
"1960",1960,"C","G",24.6,1767
"1961",1961,"T","C",30.4,1808
"1962",1962,"A","C",20.4,1551
"1963",1963,"A","A",NA,1188
"1964",1964,"A","C",4.9,1178
"1965",1965,"T","G",14,1702
"1966",1966,"G","C",24.5,1278
"1967",1967,"G","C",36.9,1586
"1968",1968,"A","G",3.7,1425
"1969",1969,"G","C",3.1,1131
"1970",1970,"A","T",36.9,1068
"1971",1971,"A","A",NA,1145
"1972",1972,"A","T",33.6,1473
"1973",1973,"A","A",NA,1574
"1974",1974,"T","T",NA,1408
"1975",1975,"T","C",11.9,1682
"1976",1976,"A","C",14,1670
"1977",1977,"G","A",24.3,1782
"1978",1978,"T","C",1.9,1488
"1979",1979,"A","A",NA,1659
"1980",1980,"G","A",6.3,1590
"1981",1981,"A","C",10.9,1982
"1982",1982,"T","G",33.7,1560
"1983",1983,"T","G",4.8,1544
"1984",1984,"T","A",19.3,1768
"1985",1985,"T","A",33.3,1896
"1986",1986,"A","C",31.7,1456
"1987",1987,"G","C",10.1,1226
"1988",1988,"A","T",1.3,1781
"1989",1989,"G","G",NA,1408
"1990",1990,"A","G",9.2,1400
"1991",1991,"G","G",NA,1178
"1992",1992,"C","G",17.4,1304
"1993",1993,"T","C",3,1600
"1994",1994,"C","C",NA,1976
"1995",1995,"A","T",9,1280
"1996",1996,"A","C",23.1,1606
"1997",1997,"T","G",19.6,1470
"1998",1998,"A","T",28.5,1560
"1999",1999,"A","G",27.1,1409
"2000",2000,"A","C",37.6,1077
"2001",2001,"A","C",35,1354
"2002",2002,"G","A",39.7,1784
"2003",2003,"A","G",2.6,1367
"2004",2004,"A","A",NA,1076
"2005",2005,"C","G",5.7,1586
"2006",2006,"T","C",29.7,1504
"2007",2007,"C","G",11,1431
"2008",2008,"A","C",25.5,1026
"2009",2009,"G","G",NA,1337
"2010",2010,"G","T",7.4,1564
"2011",2011,"A","T",11.6,1568
"2012",2012,"C","C",NA,1697
"2013",2013,"T","G",10.8,1468
"2014",2014,"T","C",4,1688
"2015",2015,"C","G",21.3,1130
"2016",2016,"T","T",NA,1233
"2017",2017,"G","G",NA,1699
"2018",2018,"G","T",23.2,1853
"2019",2019,"G","A",27.2,1346
"2020",2020,"A","T",7.7,1157
"2021",2021,"A","G",34.5,1515
"2022",2022,"G","T",36.8,1065
"2023",2023,"T","C",35.9,1344
"2024",2024,"T","G",12.4,1126
"2025",2025,"C","G",13.4,1751
"2026",2026,"A","G",22.1,1477
"2027",2027,"A","T",25.5,1077
"2028",2028,"C","C",NA,1749
"2029",2029,"T","C",38.4,1865
"2030",2030,"A","A",NA,1940
"2031",2031,"G","G",NA,1986
"2032",2032,"G","T",24.2,1194
"2033",2033,"A","A",NA,1927
"2034",2034,"A","G",29.7,1901
"2035",2035,"T","T",NA,1711
"2036",2036,"A","A",NA,1448
"2037",2037,"C","C",NA,1327
"2038",2038,"C","C",NA,1420
"2039",2039,"A","C",24.1,1656
"2040",2040,"C","G",5.8,1819
"2041",2041,"A","C",29,1073
"2042",2042,"T","A",18.6,1620
"2043",2043,"C","G",6.6,1989
"2044",2044,"C","T",36.4,1816
"2045",2045,"C","T",28,1489
"2046",2046,"G","G",NA,1104
"2047",2047,"C","G",10.7,1600
"2048",2048,"A","T",20.2,1532
"2049",2049,"G","A",4.1,1170
"2050",2050,"G","T",10.3,1303
"2051",2051,"G","A",14.1,1854
"2052",2052,"T","T",NA,1282
"2053",2053,"T","G",15.7,1047
"2054",2054,"A","T",8,1980
"2055",2055,"A","A",NA,1600
"2056",2056,"A","G",34.6,1693
"2057",2057,"A","G",24.2,1445
"2058",2058,"C","G",38.2,1170
"2059",2059,"A","T",16,1511
"2060",2060,"G","G",NA,1930
"2061",2061,"A","C",35.7,1728
"2062",2062,"A","T",9.3,1170
"2063",2063,"A","T",2.7,1665
"2064",2064,"A","C",2.4,1028
"2065",2065,"A","C",21.7,1276
"2066",2066,"A","C",22.9,1135
"2067",2067,"T","C",17.1,1524
"2068",2068,"C","G",24.3,1573
"2069",2069,"A","C",1.4,1524
"2070",2070,"G","C",12.5,1527
"2071",2071,"T","C",14.1,1646
"2072",2072,"A","G",32.9,1347
"2073",2073,"A","G",1,1705
"2074",2074,"C","A",27.8,1175
"2075",2075,"A","G",27.1,1702
"2076",2076,"G","G",NA,1779
"2077",2077,"T","G",4.5,1921
"2078",2078,"A","C",29,1915
"2079",2079,"C","C",NA,1408
"2080",2080,"T","G",5.8,1627
"2081",2081,"G","A",30.9,1239
"2082",2082,"G","T",3.6,1003
"2083",2083,"A","C",36.2,1304
"2084",2084,"T","G",6.2,1133
"2085",2085,"G","A",36.6,1949
"2086",2086,"T","C",4.2,1012
"2087",2087,"G","A",39.4,1896
"2088",2088,"G","T",18.4,1794
"2089",2089,"G","G",NA,1485
"2090",2090,"T","C",27.6,1841
"2091",2091,"G","A",5.9,1772
"2092",2092,"A","A",NA,1966
"2093",2093,"T","G",9.9,1745
"2094",2094,"G","A",26.9,1546
"2095",2095,"C","G",6.1,1070
"2096",2096,"A","C",36.8,1615
"2097",2097,"T","C",12.1,1050
"2098",2098,"A","C",33.2,1678
"2099",2099,"T","T",NA,1539
"2100",2100,"T","C",38.6,1451
"2101",2101,"T","A",1.4,1658
"2102",2102,"T","A",32.1,1978
"2103",2103,"T","A",19,1982
"2104",2104,"C","T",14.9,1399
"2105",2105,"A","A",NA,1404
"2106",2106,"G","C",25.7,1622
"2107",2107,"T","C",37.9,1452
"2108",2108,"T","A",25,1612
"2109",2109,"C","T",21,1767
"2110",2110,"C","T",18.4,1937
"2111",2111,"C","C",NA,1056
"2112",2112,"T","A",6.2,1843
"2113",2113,"T","C",39,1539
"2114",2114,"A","G",39.2,1552
"2115",2115,"G","T",35.7,1433
"2116",2116,"A","G",10.9,1009
"2117",2117,"T","C",37.1,1632
"2118",2118,"G","T",18.8,1448
"2119",2119,"A","T",36.9,1955
"2120",2120,"A","A",NA,1614
"2121",2121,"A","A",NA,1641
"2122",2122,"A","A",NA,1620
"2123",2123,"C","A",18,1360
"2124",2124,"T","T",NA,1177
"2125",2125,"T","C",33.1,1300
"2126",2126,"T","A",9.4,1105
"2127",2127,"A","C",17.5,1953
"2128",2128,"G","G",NA,1998
"2129",2129,"A","C",10.2,1999
"2130",2130,"A","A",NA,1805
"2131",2131,"A","A",NA,1728
"2132",2132,"A","G",24.4,1531
"2133",2133,"T","G",2.2,1149
"2134",2134,"A","T",20.5,1096
"2135",2135,"T","A",28.7,1512
"2136",2136,"A","A",NA,1657
"2137",2137,"C","A",37.1,1106
"2138",2138,"T","A",28.8,1900
"2139",2139,"G","G",NA,1214
"2140",2140,"C","T",9.1,1281
"2141",2141,"A","A",NA,1956
"2142",2142,"T","T",NA,1580
"2143",2143,"T","T",NA,1089
"2144",2144,"C","A",22,1108
"2145",2145,"A","A",NA,1382
"2146",2146,"C","T",30,1086
"2147",2147,"C","A",13,1598
"2148",2148,"A","A",NA,1273
"2149",2149,"T","G",29.1,1160
"2150",2150,"A","T",17.8,1227
"2151",2151,"C","A",37.7,1215
"2152",2152,"C","A",4.1,1142
"2153",2153,"T","G",1.8,1632
"2154",2154,"A","G",2.6,1279
"2155",2155,"G","G",NA,1241
"2156",2156,"T","C",7.5,1219
"2157",2157,"A","A",NA,1488
"2158",2158,"T","T",NA,1508
"2159",2159,"A","G",31.5,1280
"2160",2160,"A","T",11.5,1610
"2161",2161,"A","C",24.4,1171
"2162",2162,"T","C",27.1,1740
"2163",2163,"A","G",18,1704
"2164",2164,"A","G",33.6,1539
"2165",2165,"T","G",15.8,1938
"2166",2166,"G","T",28.5,1793
"2167",2167,"A","G",17.5,1457
"2168",2168,"G","A",32.9,1553
"2169",2169,"A","T",18.6,1060
"2170",2170,"C","C",NA,1088
"2171",2171,"A","A",NA,1343
"2172",2172,"C","T",25.3,1946
"2173",2173,"C","A",7.1,1408
"2174",2174,"A","C",13.8,1607
"2175",2175,"G","A",11.6,1568
"2176",2176,"G","G",NA,1737
"2177",2177,"A","T",12.8,1908
"2178",2178,"G","T",14.1,1671
"2179",2179,"T","A",22.9,1496
"2180",2180,"C","G",36.6,1538
"2181",2181,"A","T",36,1601
"2182",2182,"G","C",5.1,1476
"2183",2183,"G","A",11.6,1909
"2184",2184,"T","T",NA,1686
"2185",2185,"A","C",23.8,1090
"2186",2186,"T","G",39.4,1926
"2187",2187,"C","G",17,1540
"2188",2188,"A","G",19.8,1447
"2189",2189,"G","G",NA,1398
"2190",2190,"T","T",NA,1935
"2191",2191,"A","A",NA,1435
"2192",2192,"C","C",NA,1332
"2193",2193,"A","G",9.5,1487
"2194",2194,"A","A",NA,1639
"2195",2195,"T","G",7.4,1553
"2196",2196,"G","T",25.8,1550
"2197",2197,"T","C",32.7,1694
"2198",2198,"G","C",20.6,1460
"2199",2199,"C","A",3.5,1432
"2200",2200,"T","G",24.5,1494
"2201",2201,"T","C",5.8,1242
"2202",2202,"C","G",30.3,1991
"2203",2203,"C","A",35.6,1686
"2204",2204,"A","A",NA,1683
"2205",2205,"C","A",40,1356
"2206",2206,"A","T",36.7,1551
"2207",2207,"A","C",26.3,1692
"2208",2208,"G","A",4,1810
"2209",2209,"G","G",NA,1737
"2210",2210,"A","C",20.3,1193
"2211",2211,"T","G",30.8,1131
"2212",2212,"G","G",NA,1387
"2213",2213,"G","A",3.7,1169
"2214",2214,"A","G",7.7,1138
"2215",2215,"A","T",14.9,1731
"2216",2216,"A","G",12.3,1685
"2217",2217,"G","A",5.2,1875
"2218",2218,"G","T",39.5,1530
"2219",2219,"A","C",30.9,1956
"2220",2220,"T","C",6.5,1273
"2221",2221,"C","G",15.4,1495
"2222",2222,"A","A",NA,1096
"2223",2223,"C","G",31.6,1727
"2224",2224,"C","T",37.2,1950
"2225",2225,"A","C",28.5,1505
"2226",2226,"G","C",18.8,1878
"2227",2227,"C","A",13.4,1306
"2228",2228,"A","T",27.1,1927
"2229",2229,"A","C",30.8,1873
"2230",2230,"T","T",NA,1339
"2231",2231,"A","T",35.6,1057
"2232",2232,"T","A",24.4,1338
"2233",2233,"T","C",8.5,1625
"2234",2234,"C","T",19.2,1240
"2235",2235,"C","T",25.8,1470
"2236",2236,"A","G",7,1858
"2237",2237,"A","T",28.3,1870
"2238",2238,"T","A",11.5,1167
"2239",2239,"G","A",16.5,1623
"2240",2240,"T","C",23.2,1824
"2241",2241,"A","G",18.7,1078
"2242",2242,"G","G",NA,1689
"2243",2243,"C","C",NA,1389
"2244",2244,"A","C",18.7,1370
"2245",2245,"T","G",33.8,1595
"2246",2246,"G","G",NA,1147
"2247",2247,"A","A",NA,1391
"2248",2248,"C","A",3.9,1985
"2249",2249,"A","T",29.5,1474
"2250",2250,"A","A",NA,1170
"2251",2251,"G","A",1.7,1568
"2252",2252,"A","T",2.6,1071
"2253",2253,"A","A",NA,1007
"2254",2254,"T","A",10.6,1651
"2255",2255,"C","C",NA,1800
"2256",2256,"T","A",3.1,1535
"2257",2257,"T","A",31.9,1766
"2258",2258,"A","T",5.3,1548
"2259",2259,"G","C",27.1,1521
"2260",2260,"A","T",3.4,1171
"2261",2261,"A","A",NA,1864
"2262",2262,"C","C",NA,1338
"2263",2263,"C","G",9.8,1778
"2264",2264,"T","C",32.2,1186
"2265",2265,"T","C",31.9,1743
"2266",2266,"T","T",NA,1307
"2267",2267,"T","A",2.5,1412
"2268",2268,"A","T",11.9,1030
"2269",2269,"G","T",24.5,1487
"2270",2270,"A","A",NA,1124
"2271",2271,"A","T",14.5,1584
"2272",2272,"A","G",21.8,1638
"2273",2273,"A","G",31.4,1747
"2274",2274,"C","C",NA,1294
"2275",2275,"A","C",21.4,1695
"2276",2276,"A","A",NA,1434
"2277",2277,"A","T",22.9,1091
"2278",2278,"A","A",NA,1511
"2279",2279,"T","A",29.8,1593
"2280",2280,"C","G",36.6,1559
"2281",2281,"C","G",12.4,1223
"2282",2282,"A","C",34.4,1653
"2283",2283,"G","C",37.3,1488
"2284",2284,"A","A",NA,1548
"2285",2285,"A","T",11.3,1376
"2286",2286,"A","C",6.9,1395
"2287",2287,"T","C",5.3,1526
"2288",2288,"G","G",NA,1502
"2289",2289,"G","T",4.6,1863
"2290",2290,"T","G",18.1,1598
"2291",2291,"G","G",NA,1005
"2292",2292,"A","C",37.3,1432
"2293",2293,"T","A",2.5,1854
"2294",2294,"C","G",39.1,1528
"2295",2295,"T","C",19.3,1324
"2296",2296,"A","C",31.7,1132
"2297",2297,"T","T",NA,1516
"2298",2298,"C","A",29.6,1416
"2299",2299,"A","A",NA,1480
"2300",2300,"A","T",17.4,1878
"2301",2301,"T","T",NA,1223
"2302",2302,"A","A",NA,1713
"2303",2303,"C","G",28,1704
"2304",2304,"A","C",30.2,1916
"2305",2305,"T","G",19.4,1745
"2306",2306,"G","G",NA,1875
"2307",2307,"G","C",17.3,1705
"2308",2308,"A","A",NA,1585
"2309",2309,"T","T",NA,1257
"2310",2310,"G","C",30.5,1385
"2311",2311,"A","G",13.1,1577
"2312",2312,"T","T",NA,1151
"2313",2313,"T","T",NA,1678
"2314",2314,"T","T",NA,1446
"2315",2315,"G","A",23.2,1807
"2316",2316,"T","C",7.2,1842
"2317",2317,"A","G",31,1268
"2318",2318,"T","T",NA,1162
"2319",2319,"G","T",7.6,1420
"2320",2320,"T","T",NA,1851
"2321",2321,"A","C",21.6,1721
"2322",2322,"G","A",19.2,1374
"2323",2323,"G","A",5.1,1791
"2324",2324,"A","G",24.5,1591
"2325",2325,"T","A",39.4,1698
"2326",2326,"C","T",4.8,1667
"2327",2327,"T","C",4.2,1488
"2328",2328,"G","G",NA,1064
"2329",2329,"A","G",21,1168
"2330",2330,"C","C",NA,1126
"2331",2331,"T","A",17.2,1755
"2332",2332,"T","C",16.3,1049
"2333",2333,"A","A",NA,1830
"2334",2334,"G","T",8.5,1240
"2335",2335,"A","G",1.4,1039
"2336",2336,"A","A",NA,1664
"2337",2337,"A","C",20.5,1594
"2338",2338,"T","G",2.8,1149
"2339",2339,"A","G",24.6,1677
"2340",2340,"G","A",9.7,1637
"2341",2341,"G","T",18.3,1598
"2342",2342,"A","A",NA,1176
"2343",2343,"C","A",12.4,1767
"2344",2344,"A","T",35.1,1744
"2345",2345,"G","C",7.2,1158
"2346",2346,"C","A",37.7,1837
"2347",2347,"A","C",3.9,1830
"2348",2348,"T","C",14.9,1787
"2349",2349,"A","G",1.8,1910
"2350",2350,"G","C",26.7,1849
"2351",2351,"A","T",15.1,1825
"2352",2352,"G","G",NA,1662
"2353",2353,"C","A",40,1426
"2354",2354,"A","A",NA,1309
"2355",2355,"A","T",10.7,1562
"2356",2356,"A","C",10.4,1933
"2357",2357,"A","T",14.8,1119
"2358",2358,"A","A",NA,1488
"2359",2359,"T","G",39.1,1281
"2360",2360,"A","C",19.5,1150
"2361",2361,"G","T",13.6,1481
"2362",2362,"A","C",37.1,1185
"2363",2363,"A","A",NA,1232
"2364",2364,"G","T",18.8,1857
"2365",2365,"A","T",27.9,1285
"2366",2366,"A","C",14.7,1034
"2367",2367,"T","G",33.4,1903
"2368",2368,"T","G",10.1,1294
"2369",2369,"A","G",32,1182
"2370",2370,"A","G",2.6,1663
"2371",2371,"G","G",NA,1761
"2372",2372,"G","C",34.8,1939
"2373",2373,"G","C",1.9,1270
"2374",2374,"A","G",37.7,1785
"2375",2375,"A","C",5.4,1642
"2376",2376,"C","C",NA,1018
"2377",2377,"A","C",36.2,1840
"2378",2378,"T","G",14.9,1934
"2379",2379,"T","T",NA,1590
"2380",2380,"T","G",19.1,1443
"2381",2381,"A","T",1.4,1226
"2382",2382,"C","T",4.9,1697
"2383",2383,"T","A",8.6,1137
"2384",2384,"G","C",17.6,1295
"2385",2385,"A","A",NA,1664
"2386",2386,"A","C",9.5,1622
"2387",2387,"G","A",26.3,1314
"2388",2388,"T","T",NA,1423
"2389",2389,"G","T",14.2,1471
"2390",2390,"G","A",17.3,1084
"2391",2391,"G","T",21.1,1805
"2392",2392,"G","T",26.3,1087
"2393",2393,"G","T",22.5,1225
"2394",2394,"T","C",16.4,1971
"2395",2395,"T","C",5.8,1714
"2396",2396,"C","T",25,1920
"2397",2397,"A","A",NA,1581
"2398",2398,"C","G",11.7,1288
"2399",2399,"C","C",NA,1615
"2400",2400,"A","T",34.5,1105
"2401",2401,"C","T",34.2,1053
"2402",2402,"A","C",25.7,1511
"2403",2403,"C","A",33.8,1522
"2404",2404,"C","G",14.9,1229
"2405",2405,"A","G",8.6,1018
"2406",2406,"G","A",28.1,1255
"2407",2407,"A","C",5.2,1103
"2408",2408,"C","G",33.3,1035
"2409",2409,"A","T",28,1842
"2410",2410,"A","G",9.3,1754
"2411",2411,"A","A",NA,1103
"2412",2412,"A","G",25.9,1038
"2413",2413,"A","A",NA,1637
"2414",2414,"G","T",5.4,1901
"2415",2415,"C","G",14.3,1585
"2416",2416,"A","A",NA,1578
"2417",2417,"T","T",NA,1445
"2418",2418,"C","A",6.5,1929
"2419",2419,"A","A",NA,1363
"2420",2420,"A","C",36.1,1405
"2421",2421,"A","G",20.7,1291
"2422",2422,"A","A",NA,1305
"2423",2423,"G","T",35.3,1494
"2424",2424,"G","A",1.7,1670
"2425",2425,"A","C",12.3,1723
"2426",2426,"A","T",5.7,1005
"2427",2427,"C","T",1.3,1264
"2428",2428,"C","G",7.3,1817
"2429",2429,"T","A",5.6,1241
"2430",2430,"C","G",35.4,1094
"2431",2431,"C","A",14,1085
"2432",2432,"A","T",26.2,1980
"2433",2433,"T","C",31.6,1976
"2434",2434,"T","C",33.1,1184
"2435",2435,"T","G",23.5,1332
"2436",2436,"C","G",4.4,1587
"2437",2437,"T","C",31.5,1584
"2438",2438,"T","A",20,1481
"2439",2439,"T","T",NA,1966
"2440",2440,"G","T",24.5,1070
"2441",2441,"G","C",30.2,1674
"2442",2442,"A","C",23.8,1015
"2443",2443,"T","G",15.7,1946
"2444",2444,"G","A",3,1595
"2445",2445,"G","A",39.4,1153
"2446",2446,"G","A",20.2,1659
"2447",2447,"T","C",23.4,1220
"2448",2448,"T","A",18.7,1185
"2449",2449,"A","G",4.4,1983
"2450",2450,"T","G",5.3,1920
"2451",2451,"G","G",NA,1931
"2452",2452,"A","T",12.1,1389
"2453",2453,"A","A",NA,1656
"2454",2454,"C","T",4.1,1452
"2455",2455,"T","C",10.9,1903
"2456",2456,"C","G",6.5,1825
"2457",2457,"C","A",15,1567
"2458",2458,"A","G",6.9,1306
"2459",2459,"T","G",34.8,1633
"2460",2460,"C","G",20.5,1986
"2461",2461,"C","G",26.3,1347
"2462",2462,"T","G",17.8,1979
"2463",2463,"G","T",28.1,1953
"2464",2464,"A","G",21.5,1873
"2465",2465,"T","G",26.4,1471
"2466",2466,"A","T",31.4,1018
"2467",2467,"A","G",6.9,1944
"2468",2468,"A","C",2.6,1626
"2469",2469,"T","C",15.1,1183
"2470",2470,"G","G",NA,1483
"2471",2471,"G","G",NA,1910
"2472",2472,"A","G",25.4,1833
"2473",2473,"C","C",NA,1299
"2474",2474,"A","C",14.8,1202
"2475",2475,"G","C",2.9,1490
"2476",2476,"T","C",4.7,1577
"2477",2477,"A","T",10.4,1992
"2478",2478,"C","T",10.5,1913
"2479",2479,"A","G",35.5,1898
"2480",2480,"G","C",35,1045
"2481",2481,"C","C",NA,1653
"2482",2482,"C","T",36.3,1816
"2483",2483,"T","G",23.9,1024
"2484",2484,"A","T",23.5,1066
"2485",2485,"T","G",39.6,1808
"2486",2486,"A","A",NA,1533
"2487",2487,"C","A",5.6,1349
"2488",2488,"A","T",6.2,1280
"2489",2489,"A","A",NA,1693
"2490",2490,"C","T",10.8,1215
"2491",2491,"T","A",31.2,1282
"2492",2492,"G","T",25.9,1322
"2493",2493,"C","A",8.7,1722
"2494",2494,"C","C",NA,1078
"2495",2495,"A","C",18.8,1005
"2496",2496,"G","T",19.8,1619
"2497",2497,"A","C",31.6,1276
"2498",2498,"A","T",18.6,1828
"2499",2499,"A","T",9.6,1493
"2500",2500,"A","T",3.4,1958
"2501",2501,"G","A",21.2,1225
"2502",2502,"G","C",34,1302
"2503",2503,"A","C",11.3,1701
"2504",2504,"A","G",24.8,1413
"2505",2505,"A","T",7.5,1880
"2506",2506,"G","G",NA,1518
"2507",2507,"T","G",18,1967
"2508",2508,"T","G",36.9,1960
"2509",2509,"G","A",7,1059
"2510",2510,"G","C",8,1317
"2511",2511,"A","C",16.5,1133
"2512",2512,"C","A",25.7,1764
"2513",2513,"T","T",NA,1332
"2514",2514,"A","C",8.2,1338
"2515",2515,"T","G",23.7,1496
"2516",2516,"C","A",6.6,1190
"2517",2517,"A","T",7,1823
"2518",2518,"A","T",37.1,1687
"2519",2519,"T","C",6.4,1004
"2520",2520,"G","G",NA,1046
"2521",2521,"A","A",NA,1308
"2522",2522,"T","G",21.7,1257
"2523",2523,"A","G",17.7,1561
"2524",2524,"T","C",18.4,1319
"2525",2525,"A","G",8.5,1959
"2526",2526,"C","A",27.5,1903
"2527",2527,"A","T",10,1225
"2528",2528,"G","A",23.4,1257
"2529",2529,"A","C",9.4,1363
"2530",2530,"A","G",4.2,1309
"2531",2531,"G","G",NA,1036
"2532",2532,"T","A",4.5,1137
"2533",2533,"T","C",23.7,1471
"2534",2534,"A","G",26.4,1916
"2535",2535,"G","G",NA,1738
"2536",2536,"T","C",7,1584
"2537",2537,"G","T",39,1096
"2538",2538,"G","T",11.4,1147
"2539",2539,"G","C",17.2,1083
"2540",2540,"A","G",29.6,1407
"2541",2541,"A","A",NA,1828
"2542",2542,"A","T",22.5,1641
"2543",2543,"A","T",19.4,1275
"2544",2544,"T","T",NA,1814
"2545",2545,"T","G",2,1206
"2546",2546,"A","T",36,1555
"2547",2547,"A","C",18.8,1647
"2548",2548,"A","C",23.2,1431
"2549",2549,"T","T",NA,1196
"2550",2550,"T","T",NA,1349
"2551",2551,"G","A",10.7,1906
"2552",2552,"G","T",24.4,1375
"2553",2553,"G","A",20.8,1878
"2554",2554,"C","A",9,1418
"2555",2555,"A","T",28.3,1821
"2556",2556,"A","A",NA,1983
"2557",2557,"G","T",28.8,1575
"2558",2558,"C","T",26.7,1883
"2559",2559,"C","C",NA,1175
"2560",2560,"A","A",NA,1599
"2561",2561,"G","T",31.4,1095
"2562",2562,"A","A",NA,1007
"2563",2563,"T","G",39.2,1581
"2564",2564,"T","G",10,1690
"2565",2565,"T","G",32.7,1795
"2566",2566,"A","A",NA,1556
"2567",2567,"T","T",NA,1854
"2568",2568,"C","A",38.7,1464
"2569",2569,"C","C",NA,1782
"2570",2570,"A","G",13.3,1418
"2571",2571,"G","T",21.2,1536
"2572",2572,"G","T",31.7,1747
"2573",2573,"A","C",14.1,1432
"2574",2574,"A","C",39.3,1073
"2575",2575,"T","C",21.8,1268
"2576",2576,"T","G",4.3,1220
"2577",2577,"A","A",NA,1690
"2578",2578,"A","G",34.5,1531
"2579",2579,"A","G",2.5,1969
"2580",2580,"G","A",7,1362
"2581",2581,"T","A",15.6,1116
"2582",2582,"A","T",3.1,1501
"2583",2583,"A","A",NA,1663
"2584",2584,"G","G",NA,1861
"2585",2585,"A","A",NA,1828
"2586",2586,"C","C",NA,1180
"2587",2587,"A","T",13.4,1955
"2588",2588,"A","C",26.9,1088
"2589",2589,"T","G",7.7,1830
"2590",2590,"T","G",1.7,1553
"2591",2591,"A","A",NA,1677
"2592",2592,"T","T",NA,1105
"2593",2593,"G","T",25.8,1545
"2594",2594,"T","G",34.7,1832
"2595",2595,"A","A",NA,1773
"2596",2596,"A","T",6.5,1577
"2597",2597,"A","C",20.9,1577
"2598",2598,"C","A",17.3,1559
"2599",2599,"T","T",NA,1399
"2600",2600,"T","A",17.5,1064
"2601",2601,"C","C",NA,1677
"2602",2602,"T","G",14,1899
"2603",2603,"T","G",28.5,1742
"2604",2604,"A","G",37.3,1954
"2605",2605,"G","A",38.3,1773
"2606",2606,"G","T",28.2,1575
"2607",2607,"G","A",22.9,1098
"2608",2608,"G","G",NA,1137
"2609",2609,"A","A",NA,1695
"2610",2610,"G","C",3.7,1639
"2611",2611,"C","T",26.3,1938
"2612",2612,"C","T",11.9,1015
"2613",2613,"A","T",28.4,1566
"2614",2614,"A","G",2.5,1766
"2615",2615,"A","T",20.7,1906
"2616",2616,"G","G",NA,1388
"2617",2617,"C","T",14.5,1207
"2618",2618,"A","A",NA,1357
"2619",2619,"C","G",38.7,1438
"2620",2620,"T","T",NA,1164
"2621",2621,"G","A",30.8,1487
"2622",2622,"A","G",29.2,1490
"2623",2623,"C","A",20.2,1538
"2624",2624,"A","A",NA,1617
"2625",2625,"G","A",7.6,1353
"2626",2626,"A","C",26.2,1421
"2627",2627,"A","A",NA,1668
"2628",2628,"G","C",4.5,1634
"2629",2629,"T","G",3.1,1485
"2630",2630,"A","C",7.6,1896
"2631",2631,"G","A",1.3,1003
"2632",2632,"T","T",NA,1706
"2633",2633,"A","T",33.6,1377
"2634",2634,"C","A",33.4,1545
"2635",2635,"C","G",2.7,1346
"2636",2636,"A","T",4.1,1057
"2637",2637,"C","T",21.4,1659
"2638",2638,"T","A",26.3,1076
"2639",2639,"G","G",NA,1010
"2640",2640,"A","T",24.3,1042
"2641",2641,"C","C",NA,1816
"2642",2642,"A","G",1.7,1518
"2643",2643,"G","T",3.9,1464
"2644",2644,"A","T",28.1,1306
"2645",2645,"A","A",NA,1674
"2646",2646,"G","T",7.6,1057
"2647",2647,"A","A",NA,1403
"2648",2648,"A","A",NA,1517
"2649",2649,"G","C",37.1,1028
"2650",2650,"C","G",4.9,1692
"2651",2651,"A","C",4.1,1990
"2652",2652,"G","A",13.9,1454
"2653",2653,"A","A",NA,1892
"2654",2654,"A","A",NA,1467
"2655",2655,"T","G",24.1,1445
"2656",2656,"T","T",NA,1632
"2657",2657,"A","A",NA,1610
"2658",2658,"G","C",28.1,1620
"2659",2659,"A","T",17.7,1069
"2660",2660,"A","G",20.2,1817
"2661",2661,"C","T",20.5,1227
"2662",2662,"T","A",39.8,1866
"2663",2663,"G","C",24.8,1052
"2664",2664,"G","A",17.5,1698
"2665",2665,"C","C",NA,1057
"2666",2666,"A","C",34.6,1014
"2667",2667,"G","T",11.5,1210
"2668",2668,"A","A",NA,1861
"2669",2669,"A","G",15.5,1367
"2670",2670,"A","T",23.3,1857
"2671",2671,"A","G",38.7,1356
"2672",2672,"C","C",NA,1133
"2673",2673,"A","G",13.5,1481
"2674",2674,"G","C",7.9,1808
"2675",2675,"A","T",3.4,1775
"2676",2676,"G","A",31.4,1499
"2677",2677,"A","A",NA,1479
"2678",2678,"A","G",35.4,1523
"2679",2679,"A","G",15.9,1076
"2680",2680,"T","C",30.7,1109
"2681",2681,"T","A",21.3,1702
"2682",2682,"C","C",NA,1367
"2683",2683,"T","G",23.5,1710
"2684",2684,"A","G",11.1,1714
"2685",2685,"A","A",NA,1211
"2686",2686,"A","G",6.2,1915
"2687",2687,"A","A",NA,1525
"2688",2688,"G","T",19.3,1134
"2689",2689,"A","C",36.1,1900
"2690",2690,"A","C",21.7,1024
"2691",2691,"C","A",1.9,1357
"2692",2692,"C","G",29.3,1777
"2693",2693,"A","T",14.9,1180
"2694",2694,"G","T",32.4,1287
"2695",2695,"T","C",24.8,1261
"2696",2696,"A","C",11.4,1488
"2697",2697,"C","A",9.5,1699
"2698",2698,"A","G",29.8,1433
"2699",2699,"T","A",3.2,1917
"2700",2700,"G","G",NA,1747
"2701",2701,"G","G",NA,1404
"2702",2702,"A","T",35.2,1674
"2703",2703,"G","C",33.9,1528
"2704",2704,"T","A",33.8,1329
"2705",2705,"G","A",1.5,1651
"2706",2706,"T","G",29.1,1716
"2707",2707,"A","A",NA,1775
"2708",2708,"T","C",4.9,1062
"2709",2709,"T","A",23.8,1472
"2710",2710,"A","T",34,1652
"2711",2711,"T","G",12,1947
"2712",2712,"G","T",27.2,1558
"2713",2713,"A","G",8.4,1583
"2714",2714,"C","T",6.2,1115
"2715",2715,"C","T",7.2,1353
"2716",2716,"C","C",NA,1670
"2717",2717,"A","G",22.6,1470
"2718",2718,"T","C",37.3,1870
"2719",2719,"C","C",NA,1427
"2720",2720,"A","C",32.2,1962
"2721",2721,"A","C",17,1000
"2722",2722,"A","T",5.7,1303
"2723",2723,"A","T",27.6,1543
"2724",2724,"G","C",18.4,1572
"2725",2725,"A","C",18.7,1056
"2726",2726,"C","T",36,1075
"2727",2727,"T","C",7.5,1250
"2728",2728,"T","T",NA,1331
"2729",2729,"A","A",NA,1938
"2730",2730,"A","C",9.3,1892
"2731",2731,"T","A",13.2,1701
"2732",2732,"A","T",7.8,1538
"2733",2733,"G","T",29,1875
"2734",2734,"C","A",39.9,1587
"2735",2735,"A","G",31.6,1451
"2736",2736,"G","T",11.1,1490
"2737",2737,"A","G",21.1,1169
"2738",2738,"A","A",NA,1295
"2739",2739,"T","G",39.4,1227
"2740",2740,"T","A",17.1,1467
"2741",2741,"A","C",26.4,1938
"2742",2742,"C","C",NA,1441
"2743",2743,"A","G",12.9,1509
"2744",2744,"G","T",32.3,1362
"2745",2745,"A","A",NA,1751
"2746",2746,"A","T",21.6,1312
"2747",2747,"A","T",36.8,1078
"2748",2748,"C","T",6.3,1658
"2749",2749,"A","T",33.7,1852
"2750",2750,"A","G",11.2,1798
"2751",2751,"G","C",13.2,1920
"2752",2752,"G","G",NA,1850
"2753",2753,"G","A",24.1,1014
"2754",2754,"C","T",13.5,1761
"2755",2755,"A","T",11,1726
"2756",2756,"A","T",35.2,1649
"2757",2757,"G","C",26.5,1359
"2758",2758,"A","G",26.9,1731
"2759",2759,"T","A",7.8,1451
"2760",2760,"C","G",3.4,1096
"2761",2761,"A","T",29,1833
"2762",2762,"A","A",NA,1901
"2763",2763,"T","T",NA,1591
"2764",2764,"G","G",NA,1972
"2765",2765,"G","T",18.8,1221
"2766",2766,"A","T",32.1,1885
"2767",2767,"C","A",23.3,1794
"2768",2768,"A","C",38.4,1623
"2769",2769,"T","C",29.7,1197
"2770",2770,"A","A",NA,1102
"2771",2771,"T","G",30.3,1139
"2772",2772,"C","C",NA,1568
"2773",2773,"A","C",37.5,1912
"2774",2774,"A","C",13.9,1917
"2775",2775,"A","G",34.2,1819
"2776",2776,"T","G",29.7,1075
"2777",2777,"T","A",23,1238
"2778",2778,"T","G",1.5,1003
"2779",2779,"A","G",26.7,1025
"2780",2780,"T","A",28.1,1993
"2781",2781,"C","T",26.5,1081
"2782",2782,"A","T",14,1575
"2783",2783,"A","A",NA,1313
"2784",2784,"G","T",27.2,1991
"2785",2785,"A","C",5.8,1705
"2786",2786,"A","A",NA,1303
"2787",2787,"C","T",35.5,1452
"2788",2788,"A","C",35.3,1283
"2789",2789,"A","G",8.5,1022
"2790",2790,"T","A",16.5,1639
"2791",2791,"A","A",NA,1557
"2792",2792,"T","A",8.7,1564
"2793",2793,"A","G",22.1,1967
"2794",2794,"A","G",17.2,1193
"2795",2795,"A","A",NA,1752
"2796",2796,"A","T",32.3,1274
"2797",2797,"A","T",9.7,1197
"2798",2798,"T","G",36,1845
"2799",2799,"C","C",NA,1774
"2800",2800,"T","T",NA,1758
"2801",2801,"G","C",20.1,1285
"2802",2802,"A","C",12.7,1364
"2803",2803,"A","G",28.6,1778
"2804",2804,"A","C",39.7,1162
"2805",2805,"A","T",6.6,1423
"2806",2806,"C","T",21.8,1961
"2807",2807,"A","A",NA,1451
"2808",2808,"G","C",38.5,1974
"2809",2809,"G","C",13.4,1013
"2810",2810,"A","G",11.2,1986
"2811",2811,"A","G",30.8,1945
"2812",2812,"A","A",NA,1002
"2813",2813,"G","G",NA,1010
"2814",2814,"T","C",6.8,1805
"2815",2815,"A","C",18.2,1758
"2816",2816,"T","C",11.3,1294
"2817",2817,"G","C",38.5,1807
"2818",2818,"C","A",14.9,1811
"2819",2819,"A","A",NA,1937
"2820",2820,"A","C",28.3,1153
"2821",2821,"A","C",6,1952
"2822",2822,"A","C",33.8,1462
"2823",2823,"T","C",35,1428
"2824",2824,"C","T",36.3,1133
"2825",2825,"G","G",NA,1479
"2826",2826,"A","A",NA,1892
"2827",2827,"G","G",NA,1089
"2828",2828,"G","C",3.2,1025
"2829",2829,"G","C",14.8,1414
"2830",2830,"G","G",NA,1072
"2831",2831,"T","C",6.5,1276
"2832",2832,"A","T",35.5,1182
"2833",2833,"C","C",NA,1053
"2834",2834,"C","T",30.1,1049
"2835",2835,"C","C",NA,1137
"2836",2836,"A","A",NA,1771
"2837",2837,"C","C",NA,1108
"2838",2838,"A","G",30.6,1054
"2839",2839,"C","C",NA,1863
"2840",2840,"T","C",22.2,1473
"2841",2841,"A","C",37.4,1779
"2842",2842,"A","T",38.4,1093
"2843",2843,"T","G",17.9,1010
"2844",2844,"G","A",29.3,1957
"2845",2845,"A","T",33.5,1716
"2846",2846,"T","C",29.7,1702
"2847",2847,"G","C",15.9,1004
"2848",2848,"T","G",9.6,1327
"2849",2849,"A","T",1.6,1782
"2850",2850,"A","C",16.5,1867
"2851",2851,"A","G",39,1877
"2852",2852,"A","C",38.5,1281
"2853",2853,"C","G",14.7,1322
"2854",2854,"A","C",34.8,1196
"2855",2855,"A","A",NA,1379
"2856",2856,"T","T",NA,1067
"2857",2857,"T","C",18.5,1817
"2858",2858,"A","A",NA,1444
"2859",2859,"A","C",23.5,1549
"2860",2860,"C","C",NA,1430
"2861",2861,"A","G",27.8,1726
"2862",2862,"G","A",10.5,1249
"2863",2863,"A","G",27.8,1826
"2864",2864,"G","A",26.6,1845
"2865",2865,"G","C",23.9,1658
"2866",2866,"C","C",NA,1125
"2867",2867,"A","G",26.6,1766
"2868",2868,"G","A",37.8,1605
"2869",2869,"T","G",29.9,1003
"2870",2870,"G","T",6.8,1181
"2871",2871,"C","A",10.8,1547
"2872",2872,"A","G",34.1,1193
"2873",2873,"A","G",22.5,1012
"2874",2874,"A","G",18.5,1853
"2875",2875,"A","T",32.7,1853
"2876",2876,"A","C",20.3,1287
"2877",2877,"G","G",NA,1857
"2878",2878,"T","C",17.6,1204
"2879",2879,"A","C",34.3,1687
"2880",2880,"G","A",32.3,1929
"2881",2881,"C","G",15.2,1536
"2882",2882,"C","C",NA,1388
"2883",2883,"C","C",NA,1995
"2884",2884,"A","T",13.5,1298
"2885",2885,"A","T",39.1,1239
"2886",2886,"G","C",10,1627
"2887",2887,"A","G",13,1307
"2888",2888,"A","A",NA,1517
"2889",2889,"T","T",NA,1043
"2890",2890,"G","C",39.9,1473
"2891",2891,"T","A",33.9,1700
"2892",2892,"A","C",31.5,1413
"2893",2893,"T","G",11.3,1528
"2894",2894,"A","C",2.5,1729
"2895",2895,"G","C",7.4,1459
"2896",2896,"T","G",3.2,1502
"2897",2897,"A","T",39.5,1660
"2898",2898,"A","G",3.4,1452
"2899",2899,"T","G",14.6,1397
"2900",2900,"A","G",9.8,1455
"2901",2901,"T","C",7.4,1779
"2902",2902,"G","G",NA,1123
"2903",2903,"G","T",37.2,1309
"2904",2904,"G","T",13.4,1917
"2905",2905,"G","G",NA,1269
"2906",2906,"A","C",19.2,1949
"2907",2907,"A","T",30,1112
"2908",2908,"A","T",22.4,1313
"2909",2909,"G","A",32.5,1639
"2910",2910,"A","G",29,1461
"2911",2911,"C","T",31.6,1075
"2912",2912,"T","A",9.1,1200
"2913",2913,"C","A",17.8,1919
"2914",2914,"C","A",37.4,1876
"2915",2915,"T","T",NA,1813
"2916",2916,"A","G",6.2,1776
"2917",2917,"A","G",12.2,1566
"2918",2918,"A","T",21.2,1230
"2919",2919,"T","G",26.7,1158
"2920",2920,"T","A",10.4,1809
"2921",2921,"T","G",37.7,1721
"2922",2922,"A","C",17.9,1600
"2923",2923,"G","A",3.4,1954
"2924",2924,"A","A",NA,1116
"2925",2925,"C","T",32.8,1422
"2926",2926,"T","C",9,1131
"2927",2927,"A","C",5.9,1075
"2928",2928,"C","T",11.6,1429
"2929",2929,"C","G",17.6,1034
"2930",2930,"C","C",NA,1396
"2931",2931,"A","C",25.3,1375
"2932",2932,"T","C",35.5,1025
"2933",2933,"A","A",NA,1309
"2934",2934,"C","C",NA,1826
"2935",2935,"A","G",13.3,1273
"2936",2936,"A","C",5.2,1029
"2937",2937,"A","T",37.7,1512
"2938",2938,"A","T",10.1,1917
"2939",2939,"G","A",22.9,1901
"2940",2940,"G","C",24.3,1916
"2941",2941,"A","G",19,1258
"2942",2942,"A","A",NA,1571
"2943",2943,"A","T",38.9,1606
"2944",2944,"C","C",NA,1426
"2945",2945,"A","A",NA,1879
"2946",2946,"T","C",37.8,1922
"2947",2947,"G","G",NA,1934
"2948",2948,"G","A",20.2,1724
"2949",2949,"G","C",1.6,1334
"2950",2950,"A","A",NA,1014
"2951",2951,"A","G",21.3,1619
"2952",2952,"A","G",25.7,1727
"2953",2953,"C","C",NA,1836
"2954",2954,"A","T",16.3,1780
"2955",2955,"T","C",6.2,1852
"2956",2956,"G","C",29.9,1911
"2957",2957,"G","T",33.5,1053
"2958",2958,"T","C",36.9,1059
"2959",2959,"G","G",NA,1733
"2960",2960,"G","T",3.4,1257
"2961",2961,"A","G",9.5,1678
"2962",2962,"C","A",24,1678
"2963",2963,"A","A",NA,1983
"2964",2964,"G","T",12.4,1289
"2965",2965,"A","C",39.1,1259
"2966",2966,"G","C",33,1214
"2967",2967,"T","A",33.9,1550
"2968",2968,"A","G",29.5,1019
"2969",2969,"T","T",NA,1112
"2970",2970,"T","C",18.1,1328
"2971",2971,"G","C",11.9,1670
"2972",2972,"G","A",27.6,1035
"2973",2973,"C","T",2.2,1575
"2974",2974,"A","G",3.4,1887
"2975",2975,"G","C",3.5,1902
"2976",2976,"G","G",NA,1059
"2977",2977,"C","C",NA,1689
"2978",2978,"C","A",12.4,1392
"2979",2979,"A","T",39.1,1331
"2980",2980,"C","C",NA,1977
"2981",2981,"C","C",NA,1417
"2982",2982,"T","C",4.6,1439
"2983",2983,"G","A",12.9,1124
"2984",2984,"G","A",23.4,1176
"2985",2985,"A","A",NA,1600
"2986",2986,"T","A",39.8,1892
"2987",2987,"T","G",28.9,1669
"2988",2988,"C","G",33.1,1315
"2989",2989,"C","A",2.8,1093
"2990",2990,"T","G",33.8,1048
"2991",2991,"G","C",30.4,1588
"2992",2992,"A","T",4.9,1460
"2993",2993,"G","T",20.7,1529
"2994",2994,"T","A",33.9,1970
"2995",2995,"G","T",30.8,1910
"2996",2996,"G","C",9.2,1941
"2997",2997,"G","A",22.1,1657
"2998",2998,"A","T",25.8,1151
"2999",2999,"A","C",21.4,1254
"3000",3000,"T","C",2.8,1481
"3001",3001,"T","A",29.7,1399
"3002",3002,"T","T",NA,1356
"3003",3003,"G","G",NA,1738
"3004",3004,"T","C",4.9,1788
"3005",3005,"C","C",NA,1837
"3006",3006,"A","C",37.5,1645
"3007",3007,"A","G",38.4,1110
"3008",3008,"T","C",36,1204
"3009",3009,"A","T",17,1366
"3010",3010,"C","G",27.1,1058
"3011",3011,"C","G",25.9,1683
"3012",3012,"C","G",18.3,1571
"3013",3013,"C","A",28.5,1967
"3014",3014,"T","A",9.2,1651
"3015",3015,"C","A",1.3,1645
"3016",3016,"C","C",NA,1959
"3017",3017,"C","A",19.5,1701
"3018",3018,"T","A",34,1794
"3019",3019,"T","C",29.5,1931
"3020",3020,"A","G",19.4,1997
"3021",3021,"G","G",NA,1529
"3022",3022,"T","A",15.7,1788
"3023",3023,"T","G",1.4,1868
"3024",3024,"A","C",15.2,1818
"3025",3025,"A","A",NA,1422
"3026",3026,"A","C",7.2,1023
"3027",3027,"T","C",24.8,1229
"3028",3028,"T","T",NA,1377
"3029",3029,"A","G",34.1,1128
"3030",3030,"T","C",7.6,1573
"3031",3031,"G","C",39.8,1075
"3032",3032,"G","T",6.8,1903
"3033",3033,"T","C",4.4,1564
"3034",3034,"A","T",38.9,1308
"3035",3035,"C","T",31,1185
"3036",3036,"C","G",15.6,1242
"3037",3037,"A","C",6.1,1211
"3038",3038,"G","G",NA,1926
"3039",3039,"T","T",NA,1209
"3040",3040,"T","T",NA,1872
"3041",3041,"A","G",29.3,1488
"3042",3042,"G","G",NA,1496
"3043",3043,"A","G",23.5,1068
"3044",3044,"G","T",14.1,1175
"3045",3045,"A","C",8.6,2000
"3046",3046,"A","T",22.4,1026
"3047",3047,"A","A",NA,1913
"3048",3048,"G","G",NA,1864
"3049",3049,"A","T",7.1,1242
"3050",3050,"A","A",NA,1566
"3051",3051,"C","T",35.5,1977
"3052",3052,"C","C",NA,1609
"3053",3053,"C","G",34.2,1083
"3054",3054,"A","C",29.9,1579
"3055",3055,"T","C",25,1629
"3056",3056,"A","A",NA,1698
"3057",3057,"G","G",NA,1695
"3058",3058,"C","C",NA,1496
"3059",3059,"A","A",NA,1198
"3060",3060,"G","G",NA,1724
"3061",3061,"G","T",14.7,1779
"3062",3062,"A","G",20.1,1336
"3063",3063,"G","C",15.9,1973
"3064",3064,"C","T",34.8,1568
"3065",3065,"A","C",9.2,1857
"3066",3066,"G","A",5.1,1189
"3067",3067,"A","A",NA,1309
"3068",3068,"A","T",12.9,1185
"3069",3069,"A","G",4.3,1323
"3070",3070,"C","G",37.4,1821
"3071",3071,"T","G",29,1890
"3072",3072,"T","A",21.3,1120
"3073",3073,"T","G",23.6,1504
"3074",3074,"C","T",37.9,1563
"3075",3075,"T","T",NA,1556
"3076",3076,"A","C",9.4,1480
"3077",3077,"T","T",NA,1479
"3078",3078,"G","A",25.1,1029
"3079",3079,"T","C",38.1,1272
"3080",3080,"A","T",14.7,1290
"3081",3081,"G","A",37.3,1744
"3082",3082,"A","C",28.2,1908
"3083",3083,"T","G",14.6,1023
"3084",3084,"G","C",29.2,1853
"3085",3085,"G","G",NA,1044
"3086",3086,"G","C",14.2,1326
"3087",3087,"G","A",13.7,1828
"3088",3088,"C","G",23.7,1275
"3089",3089,"A","T",37.6,1536
"3090",3090,"G","C",30.2,1417
"3091",3091,"C","G",20.9,1389
"3092",3092,"T","A",12.3,1220
"3093",3093,"A","C",38.7,1767
"3094",3094,"A","A",NA,1998
"3095",3095,"C","G",22.3,1064
"3096",3096,"A","T",14.3,1538
"3097",3097,"G","G",NA,1454
"3098",3098,"A","T",6.1,1368
"3099",3099,"G","T",1.3,1034
"3100",3100,"A","G",18.9,1895
"3101",3101,"G","G",NA,1281
"3102",3102,"A","T",10.8,1200
"3103",3103,"C","G",2.1,1920
"3104",3104,"T","G",10.4,1038
"3105",3105,"A","G",4.2,1085
"3106",3106,"A","T",11.2,1639
"3107",3107,"A","C",16.5,1160
"3108",3108,"T","C",17.8,1729
"3109",3109,"T","G",36.2,1867
"3110",3110,"A","C",12.6,1172
"3111",3111,"G","C",9.2,1176
"3112",3112,"G","C",31.3,1553
"3113",3113,"A","A",NA,1523
"3114",3114,"A","G",25.1,1923
"3115",3115,"A","C",39.8,1165
"3116",3116,"A","G",27.7,1825
"3117",3117,"G","T",25.9,1028
"3118",3118,"C","G",14.7,1344
"3119",3119,"A","C",39.7,1805
"3120",3120,"G","A",16.1,1812
"3121",3121,"G","C",3,1105
"3122",3122,"A","C",5.2,1210
"3123",3123,"T","C",33.1,1227
"3124",3124,"A","A",NA,1555
"3125",3125,"T","C",20.4,1116
"3126",3126,"G","G",NA,1668
"3127",3127,"T","A",15.7,1230
"3128",3128,"T","C",1.5,1508
"3129",3129,"A","T",16.1,1743
"3130",3130,"C","C",NA,1772
"3131",3131,"T","T",NA,1474
"3132",3132,"G","A",15.2,1225
"3133",3133,"A","C",22.7,1790
"3134",3134,"C","A",12,1644
"3135",3135,"A","C",25.5,1215
"3136",3136,"G","G",NA,1357
"3137",3137,"A","C",39.6,1605
"3138",3138,"G","G",NA,1581
"3139",3139,"G","G",NA,1256
"3140",3140,"A","T",17.3,1456
"3141",3141,"A","A",NA,1159
"3142",3142,"G","C",30,1908
"3143",3143,"A","T",5.5,1384
"3144",3144,"C","A",38.8,1232
"3145",3145,"A","G",37.5,1233
"3146",3146,"G","T",7.1,1794
"3147",3147,"A","A",NA,1840
"3148",3148,"A","C",27.9,1140
"3149",3149,"A","A",NA,1156
"3150",3150,"G","G",NA,1054
"3151",3151,"T","T",NA,1130
"3152",3152,"T","G",29.4,1105
"3153",3153,"G","T",28.4,1089
"3154",3154,"T","A",26.9,1341
"3155",3155,"C","G",35.7,1751
"3156",3156,"T","G",15.7,1202
"3157",3157,"C","A",39.6,1971
"3158",3158,"T","C",10.7,1972
"3159",3159,"C","C",NA,1010
"3160",3160,"T","C",9.4,1776
"3161",3161,"A","C",23.3,1176
"3162",3162,"A","A",NA,1318
"3163",3163,"C","C",NA,1370
"3164",3164,"T","A",28.3,1978
"3165",3165,"G","T",13.9,1887
"3166",3166,"A","G",19.2,1990
"3167",3167,"C","C",NA,1547
"3168",3168,"A","C",18.7,1228
"3169",3169,"C","G",13.2,1218
"3170",3170,"A","C",37.9,1117
"3171",3171,"A","A",NA,1557
"3172",3172,"C","G",14,1304
"3173",3173,"A","T",4.3,1408
"3174",3174,"A","A",NA,1252
"3175",3175,"A","A",NA,1449
"3176",3176,"T","A",2.9,1232
"3177",3177,"C","G",22.2,1967
"3178",3178,"A","A",NA,1808
"3179",3179,"G","A",35.8,1774
"3180",3180,"A","C",18.9,1711
"3181",3181,"A","G",2,1344
"3182",3182,"G","G",NA,1808
"3183",3183,"A","A",NA,1229
"3184",3184,"C","T",23.8,1659
"3185",3185,"T","A",17.3,1694
"3186",3186,"G","C",8.3,1046
"3187",3187,"A","T",16.1,1160
"3188",3188,"G","G",NA,1246
"3189",3189,"C","A",12.2,1140
"3190",3190,"T","C",14.1,1209
"3191",3191,"A","G",3.8,1075
"3192",3192,"C","G",31,1739
"3193",3193,"A","C",28.6,1103
"3194",3194,"A","G",27.3,1728
"3195",3195,"G","T",32.9,1918
"3196",3196,"C","A",37.2,1669
"3197",3197,"C","C",NA,1574
"3198",3198,"A","C",6.5,1427
"3199",3199,"T","A",9.7,1826
"3200",3200,"T","T",NA,1934
"3201",3201,"A","G",1.2,1942
"3202",3202,"A","T",5.5,1822
"3203",3203,"T","G",8.7,1729
"3204",3204,"C","G",5.6,1814
"3205",3205,"T","A",5,1426
"3206",3206,"A","G",3.5,1856
"3207",3207,"G","T",30.4,1232
"3208",3208,"C","T",27.1,1736
"3209",3209,"T","T",NA,1828
"3210",3210,"C","A",6.8,1856
"3211",3211,"T","G",10.8,1389
"3212",3212,"G","T",16.8,1412
"3213",3213,"C","C",NA,1835
"3214",3214,"A","A",NA,1819
"3215",3215,"G","C",39.9,1538
"3216",3216,"G","G",NA,1303
"3217",3217,"A","T",11.6,1904
"3218",3218,"T","A",38.4,1434
"3219",3219,"T","T",NA,1827
"3220",3220,"C","C",NA,1843
"3221",3221,"G","C",7.7,1641
"3222",3222,"G","C",5.9,1875
"3223",3223,"G","G",NA,1040
"3224",3224,"A","G",39.8,1629
"3225",3225,"T","G",27.6,1262
"3226",3226,"C","T",26.8,1537
"3227",3227,"A","A",NA,1704
"3228",3228,"G","C",39.7,1737
"3229",3229,"A","G",21.3,1480
"3230",3230,"A","C",7.9,1467
"3231",3231,"G","G",NA,1996
"3232",3232,"T","A",11.7,1588
"3233",3233,"A","A",NA,1351
"3234",3234,"A","C",7.2,1461
"3235",3235,"A","A",NA,1864
"3236",3236,"C","T",18.7,1275
"3237",3237,"A","T",8.7,1078
"3238",3238,"T","T",NA,1715
"3239",3239,"A","T",38.1,1325
"3240",3240,"G","A",23.6,1325
"3241",3241,"T","C",29.9,1465
"3242",3242,"A","T",3.9,1976
"3243",3243,"A","C",11.4,1576
"3244",3244,"C","A",8.9,1497
"3245",3245,"A","C",32.1,1878
"3246",3246,"G","C",2.9,1131
"3247",3247,"A","G",18.8,1630
"3248",3248,"C","G",39.4,1034
"3249",3249,"T","G",27.9,1600
"3250",3250,"C","T",38.5,1411
"3251",3251,"C","C",NA,1796
"3252",3252,"C","A",34.3,1286
"3253",3253,"A","C",28.7,1417
"3254",3254,"A","G",10.5,1170
"3255",3255,"T","T",NA,1765
"3256",3256,"A","G",18,1126
"3257",3257,"T","A",30.8,1499
"3258",3258,"G","T",11.6,1361
"3259",3259,"C","T",7.5,1174
"3260",3260,"A","C",35.6,1351
"3261",3261,"T","G",22.5,1649
"3262",3262,"T","T",NA,1646
"3263",3263,"A","G",23.4,1995
"3264",3264,"G","T",35,1473
"3265",3265,"G","C",3,1922
"3266",3266,"A","A",NA,1642
"3267",3267,"A","A",NA,1584
"3268",3268,"T","G",26.8,1907
"3269",3269,"C","G",33.4,1521
"3270",3270,"A","T",13.5,1594
"3271",3271,"T","C",32.3,1648
"3272",3272,"T","C",19.5,1479
"3273",3273,"C","A",18.4,1007
"3274",3274,"A","T",7.8,1095
"3275",3275,"A","T",29.7,1628
"3276",3276,"G","A",32.5,1548
"3277",3277,"C","G",24.6,1268
"3278",3278,"A","A",NA,1217
"3279",3279,"C","T",30,1952
"3280",3280,"A","A",NA,1788
"3281",3281,"A","A",NA,1939
"3282",3282,"C","T",23.5,1225
"3283",3283,"C","G",1.9,1833
"3284",3284,"A","T",15.2,1164
"3285",3285,"G","C",16.1,1697
"3286",3286,"A","A",NA,1480
"3287",3287,"T","C",14.5,1422
"3288",3288,"A","A",NA,1087
"3289",3289,"A","C",8.6,1963
"3290",3290,"G","T",14.2,1935
"3291",3291,"A","T",35.3,1049
"3292",3292,"G","A",13,1624
"3293",3293,"T","T",NA,1829
"3294",3294,"G","C",25.9,1747
"3295",3295,"A","C",1.5,1811
"3296",3296,"C","C",NA,1551
"3297",3297,"T","T",NA,1110
"3298",3298,"C","A",36.5,1615
"3299",3299,"A","C",12.8,1905
"3300",3300,"G","T",31.1,1189
"3301",3301,"A","T",5.7,1057
"3302",3302,"G","A",37.1,1891
"3303",3303,"T","C",31.8,1088
"3304",3304,"T","T",NA,1643
"3305",3305,"A","G",36.5,1781
"3306",3306,"G","G",NA,1492
"3307",3307,"T","T",NA,1679
"3308",3308,"C","A",16.8,1983
"3309",3309,"A","T",9.9,1467
"3310",3310,"A","C",18.6,1575
"3311",3311,"T","C",33.8,1658
"3312",3312,"C","A",24,1737
"3313",3313,"A","G",15.9,1302
"3314",3314,"A","C",29,1856
"3315",3315,"A","C",6.1,1693
"3316",3316,"T","G",15,1190
"3317",3317,"A","T",24.3,1116
"3318",3318,"A","A",NA,1160
"3319",3319,"T","G",37,1000
"3320",3320,"A","G",1.2,1352
"3321",3321,"G","T",17.4,1252
"3322",3322,"A","T",24.2,1986
"3323",3323,"G","G",NA,1189
"3324",3324,"C","A",12.5,1381
"3325",3325,"A","C",11.9,1363
"3326",3326,"A","A",NA,1450
"3327",3327,"T","A",26.4,1397
"3328",3328,"T","T",NA,1374
"3329",3329,"A","C",24.3,1585
"3330",3330,"A","A",NA,1831
"3331",3331,"T","T",NA,1174
"3332",3332,"A","C",17,1534
"3333",3333,"A","G",39.4,1155
"3334",3334,"A","T",35.4,1061
"3335",3335,"G","G",NA,1136
"3336",3336,"A","G",6.5,1350
"3337",3337,"A","A",NA,1726
"3338",3338,"A","G",2,1067
"3339",3339,"G","C",26,1251
"3340",3340,"A","T",15.2,1251
"3341",3341,"A","T",3.7,1788
"3342",3342,"A","C",22.1,1523
"3343",3343,"A","G",8.7,1404
"3344",3344,"G","G",NA,1525
"3345",3345,"G","G",NA,1932
"3346",3346,"T","A",15.2,1313
"3347",3347,"C","A",35,1148
"3348",3348,"T","A",10.9,1250
"3349",3349,"A","C",16,1370
"3350",3350,"C","A",35,1471
"3351",3351,"C","T",11.8,1662
"3352",3352,"T","A",3.1,1453
"3353",3353,"G","A",27,1948
"3354",3354,"T","G",20.6,1145
"3355",3355,"C","C",NA,1696
"3356",3356,"A","A",NA,1912
"3357",3357,"T","C",22,1778
"3358",3358,"G","C",1.3,1724
"3359",3359,"G","G",NA,1625
"3360",3360,"G","C",22.5,1536
"3361",3361,"T","A",26.8,1289
"3362",3362,"A","C",2.7,1850
"3363",3363,"C","A",11.9,1585
"3364",3364,"C","T",34.1,1044
"3365",3365,"A","C",29.7,1525
"3366",3366,"G","G",NA,1178
"3367",3367,"C","G",5.8,1513
"3368",3368,"A","G",25.1,1086
"3369",3369,"C","T",12.3,1404
"3370",3370,"A","G",29.5,1824
"3371",3371,"C","A",13.6,1704
"3372",3372,"A","C",9.9,1749
"3373",3373,"A","G",23.6,1287
"3374",3374,"A","C",5.4,1348
"3375",3375,"G","C",8.9,1132
"3376",3376,"G","C",24.9,1334
"3377",3377,"A","A",NA,1485
"3378",3378,"A","G",35.4,1466
"3379",3379,"T","A",19.6,1753
"3380",3380,"C","T",15.4,1738
"3381",3381,"G","C",20.7,1256
"3382",3382,"G","T",17.8,1781
"3383",3383,"A","C",23.4,1364
"3384",3384,"G","G",NA,1999
"3385",3385,"G","C",6.6,1013
"3386",3386,"A","A",NA,1998
"3387",3387,"A","T",8.7,1624
"3388",3388,"A","A",NA,1771
"3389",3389,"T","C",24.2,1758
"3390",3390,"G","C",12.3,1546
"3391",3391,"A","T",1.4,1777
"3392",3392,"A","T",27.2,1863
"3393",3393,"C","A",2.5,1192
"3394",3394,"A","C",2.5,1202
"3395",3395,"A","A",NA,1047
"3396",3396,"G","T",7,1352
"3397",3397,"T","C",16.5,1279
"3398",3398,"A","A",NA,1612
"3399",3399,"G","G",NA,1692
"3400",3400,"A","T",32.8,1479
"3401",3401,"T","C",1,1912
"3402",3402,"A","G",33.9,1410
"3403",3403,"A","C",36.8,1448
"3404",3404,"A","C",28.2,1228
"3405",3405,"C","A",14.8,1458
"3406",3406,"T","G",34.6,1916
"3407",3407,"A","G",12.5,1262
"3408",3408,"G","T",38.7,1169
"3409",3409,"T","G",7.2,1601
"3410",3410,"C","A",24.7,1395
"3411",3411,"A","A",NA,1544
"3412",3412,"G","G",NA,1598
"3413",3413,"C","T",21.5,1302
"3414",3414,"T","C",19.7,1452
"3415",3415,"C","G",38.3,1671
"3416",3416,"T","C",12.9,1730
"3417",3417,"G","C",26.1,1406
"3418",3418,"G","G",NA,1102
"3419",3419,"A","C",7.4,1241
"3420",3420,"A","T",32.7,1202
"3421",3421,"T","T",NA,1709
"3422",3422,"C","G",3.7,1822
"3423",3423,"A","T",18.8,1551
"3424",3424,"G","C",28.8,1974
"3425",3425,"G","G",NA,1803
"3426",3426,"A","A",NA,1350
"3427",3427,"A","C",3,1846
"3428",3428,"G","A",25.8,1234
"3429",3429,"G","A",8.5,1845
"3430",3430,"T","A",25.9,1627
"3431",3431,"A","C",28.5,1881
"3432",3432,"C","C",NA,1533
"3433",3433,"T","T",NA,1892
"3434",3434,"A","C",33.4,1524
"3435",3435,"T","G",11.7,1979
"3436",3436,"T","C",8.9,1115
"3437",3437,"T","A",28.6,1525
"3438",3438,"T","A",11,1641
"3439",3439,"T","C",35.6,1363
"3440",3440,"A","C",33.4,1118
"3441",3441,"G","C",28.9,1905
"3442",3442,"A","A",NA,1458
"3443",3443,"T","A",38.9,1648
"3444",3444,"G","C",12.8,1028
"3445",3445,"G","A",5.7,1957
"3446",3446,"G","A",15.3,1710
"3447",3447,"A","A",NA,1074
"3448",3448,"T","A",22.3,1622
"3449",3449,"A","G",27.5,1355
"3450",3450,"G","A",31.5,1322
"3451",3451,"A","G",25.6,1730
"3452",3452,"T","A",4,1874
"3453",3453,"A","C",6,1627
"3454",3454,"A","T",18.3,1178
"3455",3455,"G","A",11.5,1596
"3456",3456,"G","T",20.1,1603
"3457",3457,"C","A",13.5,1704
"3458",3458,"T","C",23.7,1757
"3459",3459,"C","C",NA,1641
"3460",3460,"A","A",NA,1281
"3461",3461,"A","T",39,1176
"3462",3462,"G","T",4.2,1922
"3463",3463,"A","C",32.6,1362
"3464",3464,"A","A",NA,1553
"3465",3465,"G","T",33.6,1461
"3466",3466,"A","G",28.6,1777
"3467",3467,"A","C",38,1067
"3468",3468,"C","T",37.8,1932
"3469",3469,"A","C",37.4,1264
"3470",3470,"T","T",NA,1797
"3471",3471,"G","C",8.2,1418
"3472",3472,"A","A",NA,1075
"3473",3473,"A","A",NA,1729
"3474",3474,"A","A",NA,1128
"3475",3475,"G","T",33,1065
"3476",3476,"A","C",9.7,1585
"3477",3477,"T","A",14.5,1065
"3478",3478,"A","C",37.2,1070
"3479",3479,"T","G",9.5,1754
"3480",3480,"C","C",NA,1835
"3481",3481,"A","G",22.6,1395
"3482",3482,"C","A",29.9,1382
"3483",3483,"A","T",18.4,1373
"3484",3484,"G","T",31.2,1122
"3485",3485,"C","A",5.9,1799
"3486",3486,"A","G",16.5,1761
"3487",3487,"A","G",6.9,1629
"3488",3488,"T","T",NA,1766
"3489",3489,"T","A",15.7,1643
"3490",3490,"G","A",31.2,1875
"3491",3491,"G","G",NA,1737
"3492",3492,"A","A",NA,1522
"3493",3493,"G","C",16.1,1178
"3494",3494,"A","G",19.8,1981
"3495",3495,"G","A",32.9,1772
"3496",3496,"C","C",NA,1174
"3497",3497,"A","C",17.1,1008
"3498",3498,"A","T",21.8,1605
"3499",3499,"T","A",14,1639
"3500",3500,"G","A",30.1,1143
"3501",3501,"G","G",NA,1701
"3502",3502,"C","T",6.3,1673
"3503",3503,"T","C",9.3,1831
"3504",3504,"A","A",NA,1516
"3505",3505,"G","C",31.9,1877
"3506",3506,"T","T",NA,1759
"3507",3507,"G","T",20.4,1441
"3508",3508,"A","G",2.4,1962
"3509",3509,"T","C",8.3,1809
"3510",3510,"T","T",NA,1419
"3511",3511,"T","T",NA,1415
"3512",3512,"T","A",8.9,1418
"3513",3513,"A","G",12.5,1876
"3514",3514,"A","T",37.4,1628
"3515",3515,"C","A",39.9,1290
"3516",3516,"C","A",24.7,1033
"3517",3517,"T","T",NA,1022
"3518",3518,"A","T",8.6,1529
"3519",3519,"C","T",27,1626
"3520",3520,"C","A",27.8,1568
"3521",3521,"A","G",4.3,1779
"3522",3522,"C","C",NA,1873
"3523",3523,"C","G",29,1679
"3524",3524,"T","C",8.6,1492
"3525",3525,"A","G",35.3,1054
"3526",3526,"T","C",28.3,1517
"3527",3527,"A","C",31.4,1489
"3528",3528,"G","G",NA,1720
"3529",3529,"T","A",35.4,1813
"3530",3530,"A","T",34.1,1136
"3531",3531,"G","G",NA,1141
"3532",3532,"C","G",8,1804
"3533",3533,"A","A",NA,1146
"3534",3534,"A","C",35.6,1056
"3535",3535,"A","A",NA,1986
"3536",3536,"G","A",26,1589
"3537",3537,"G","G",NA,1761
"3538",3538,"A","C",32.1,1898
"3539",3539,"A","G",17.7,1804
"3540",3540,"A","G",32.4,1970
"3541",3541,"T","T",NA,1141
"3542",3542,"A","C",29.9,1633
"3543",3543,"G","T",18.8,1318
"3544",3544,"T","C",31.2,1548
"3545",3545,"A","G",31.3,1088
"3546",3546,"G","G",NA,1930
"3547",3547,"C","A",19.5,1088
"3548",3548,"C","T",39.5,1217
"3549",3549,"A","T",5.4,1029
"3550",3550,"G","G",NA,1970
"3551",3551,"C","G",7.3,1573
"3552",3552,"T","T",NA,1805
"3553",3553,"G","T",29.2,1480
"3554",3554,"T","C",21,1224
"3555",3555,"G","G",NA,1003
"3556",3556,"A","A",NA,1553
"3557",3557,"T","C",32,1039
"3558",3558,"A","T",18.7,1490
"3559",3559,"A","T",11.6,1039
"3560",3560,"A","G",19,1470
"3561",3561,"T","A",26.3,1547
"3562",3562,"G","C",25,1675
"3563",3563,"T","A",22.1,1133
"3564",3564,"C","G",18.6,1907
"3565",3565,"A","G",16.1,1197
"3566",3566,"A","T",28.4,1471
"3567",3567,"C","G",39.4,1725
"3568",3568,"T","G",30.9,1980
"3569",3569,"G","T",12.7,1156
"3570",3570,"A","C",21.3,1014
"3571",3571,"A","G",25.6,1116
"3572",3572,"A","T",25.6,1623
"3573",3573,"G","T",17.7,1084
"3574",3574,"G","G",NA,1660
"3575",3575,"G","G",NA,1919
"3576",3576,"G","C",22,1773
"3577",3577,"A","C",21.6,1277
"3578",3578,"A","G",11.9,1866
"3579",3579,"G","T",31.2,1236
"3580",3580,"C","G",26.8,1092
"3581",3581,"C","A",23.4,1426
"3582",3582,"A","G",12.3,1335
"3583",3583,"C","C",NA,1512
"3584",3584,"G","C",39.9,1512
"3585",3585,"C","G",20.9,1461
"3586",3586,"A","A",NA,1238
"3587",3587,"T","G",24.7,1581
"3588",3588,"G","C",13.2,1557
"3589",3589,"G","G",NA,1167
"3590",3590,"A","T",4,1430
"3591",3591,"C","G",25.7,1041
"3592",3592,"A","C",2.2,1120
"3593",3593,"A","G",37.4,1421
"3594",3594,"G","A",40,1572
"3595",3595,"T","C",32.5,1131
"3596",3596,"A","G",35.8,1003
"3597",3597,"G","T",7.7,1467
"3598",3598,"A","C",11.6,1510
"3599",3599,"C","A",9,1988
"3600",3600,"T","C",28.8,1544
"3601",3601,"G","C",28.4,1076
"3602",3602,"T","G",12.7,1698
"3603",3603,"A","C",3.8,1813
"3604",3604,"G","C",26.5,1119
"3605",3605,"C","A",38.1,1641
"3606",3606,"C","C",NA,1501
"3607",3607,"C","A",2.9,1413
"3608",3608,"A","G",5.4,1353
"3609",3609,"G","T",22.4,1929
"3610",3610,"G","C",15,1320
"3611",3611,"A","G",30.5,1479
"3612",3612,"A","A",NA,1458
"3613",3613,"T","C",15.5,1282
"3614",3614,"G","G",NA,1330
"3615",3615,"T","C",9.4,1497
"3616",3616,"G","T",1,1139
"3617",3617,"G","G",NA,1064
"3618",3618,"C","G",24.5,1974
"3619",3619,"A","C",1.9,1587
"3620",3620,"A","A",NA,1490
"3621",3621,"T","A",26.4,1182
"3622",3622,"T","C",3.9,1248
"3623",3623,"A","T",7.3,1590
"3624",3624,"G","G",NA,1505
"3625",3625,"A","C",20.2,1658
"3626",3626,"T","A",17.1,1681
"3627",3627,"T","G",21.6,1572
"3628",3628,"G","C",31,1645
"3629",3629,"C","T",21.7,1507
"3630",3630,"A","G",8.5,1640
"3631",3631,"C","A",29.5,1786
"3632",3632,"A","C",31.7,1752
"3633",3633,"C","T",17.3,1175
"3634",3634,"A","T",23.7,1272
"3635",3635,"T","C",9.6,1641
"3636",3636,"C","G",39,1817
"3637",3637,"T","A",3,1622
"3638",3638,"A","G",19,1350
"3639",3639,"G","G",NA,1217
"3640",3640,"A","T",21.2,1310
"3641",3641,"A","C",23.1,1867
"3642",3642,"G","A",31.4,1030
"3643",3643,"G","A",14.1,1294
"3644",3644,"A","C",5,1036
"3645",3645,"A","C",5.5,1111
"3646",3646,"A","A",NA,1695
"3647",3647,"A","C",30.5,1484
"3648",3648,"G","T",37.6,1933
"3649",3649,"T","A",8.1,1919
"3650",3650,"A","C",37.9,1831
"3651",3651,"A","C",34.1,1628
"3652",3652,"T","A",11.3,1943
"3653",3653,"T","A",7.9,1554
"3654",3654,"C","G",17.2,1174
"3655",3655,"T","G",38.4,1768
"3656",3656,"G","T",14.7,1308
"3657",3657,"G","A",21.4,1519
"3658",3658,"T","A",25.2,1453
"3659",3659,"G","A",21.8,1374
"3660",3660,"G","C",17.9,1071
"3661",3661,"C","G",39.9,1440
"3662",3662,"A","C",35.1,1058
"3663",3663,"G","C",32.1,1886
"3664",3664,"T","G",25.3,1849
"3665",3665,"C","T",8.1,1252
"3666",3666,"C","T",23.3,1992
"3667",3667,"A","G",5.5,1684
"3668",3668,"T","A",14.8,1493
"3669",3669,"G","G",NA,1947
"3670",3670,"T","A",16.9,1129
"3671",3671,"A","A",NA,1719
"3672",3672,"G","A",39.7,1812
"3673",3673,"C","A",7.4,1188
"3674",3674,"C","G",25.8,1075
"3675",3675,"A","A",NA,1788
"3676",3676,"G","G",NA,1974
"3677",3677,"T","C",2.7,1623
"3678",3678,"G","C",26.2,1486
"3679",3679,"G","T",9.7,1069
"3680",3680,"C","T",13.3,1044
"3681",3681,"T","G",17.6,1914
"3682",3682,"A","T",28.1,1781
"3683",3683,"T","C",29.7,1024
"3684",3684,"A","T",2.2,1928
"3685",3685,"T","G",31.3,1619
"3686",3686,"A","C",29.5,1669
"3687",3687,"G","C",28.1,1140
"3688",3688,"A","C",16.4,1726
"3689",3689,"A","C",24.2,1767
"3690",3690,"G","C",21.6,1157
"3691",3691,"C","G",10.3,1694
"3692",3692,"A","G",3.2,1999
"3693",3693,"G","G",NA,1594
"3694",3694,"A","T",24.2,1616
"3695",3695,"A","A",NA,1284
"3696",3696,"G","A",31.9,1841
"3697",3697,"T","A",21.1,1727
"3698",3698,"C","C",NA,1131
"3699",3699,"A","C",20.7,1794
"3700",3700,"T","G",17.5,1100
"3701",3701,"C","C",NA,1568
"3702",3702,"C","A",18.6,1789
"3703",3703,"C","T",3.5,1900
"3704",3704,"A","A",NA,1196
"3705",3705,"G","A",24.6,1047
"3706",3706,"C","A",32.8,1797
"3707",3707,"A","A",NA,1204
"3708",3708,"G","G",NA,1376
"3709",3709,"A","G",9.6,1693
"3710",3710,"A","A",NA,1397
"3711",3711,"A","A",NA,1364
"3712",3712,"C","G",27.4,1189
"3713",3713,"A","C",21.6,1641
"3714",3714,"G","C",17.2,1482
"3715",3715,"G","T",4.7,1531
"3716",3716,"A","C",20.8,1090
"3717",3717,"C","G",10.4,1114
"3718",3718,"A","A",NA,1803
"3719",3719,"G","T",27.9,1097
"3720",3720,"G","G",NA,1415
"3721",3721,"A","T",12.5,1746
"3722",3722,"G","T",27.8,1937
"3723",3723,"A","T",30.7,1963
"3724",3724,"C","A",7.4,1854
"3725",3725,"A","A",NA,1112
"3726",3726,"G","C",34.7,1914
"3727",3727,"C","A",4.1,1013
"3728",3728,"A","C",23.5,1222
"3729",3729,"T","T",NA,1587
"3730",3730,"A","C",29.6,1899
"3731",3731,"T","A",32,1550
"3732",3732,"T","G",15.4,1876
"3733",3733,"T","C",1.9,1478
"3734",3734,"C","T",3.1,1646
"3735",3735,"C","C",NA,1443
"3736",3736,"T","C",26.7,1147
"3737",3737,"G","C",18.2,1443
"3738",3738,"C","G",24,1722
"3739",3739,"T","A",35.7,1917
"3740",3740,"A","A",NA,1092
"3741",3741,"A","T",36.2,1404
"3742",3742,"A","C",23.2,1898
"3743",3743,"A","A",NA,1617
"3744",3744,"C","G",3.2,1552
"3745",3745,"T","A",14.6,1752
"3746",3746,"A","C",24.4,1184
"3747",3747,"G","A",22.3,1064
"3748",3748,"C","T",27.8,1201
"3749",3749,"A","G",11.3,1360
"3750",3750,"G","T",13.3,1359
"3751",3751,"G","G",NA,1131
"3752",3752,"A","C",26.2,1743
"3753",3753,"A","C",20.3,1776
"3754",3754,"G","T",7.8,1853
"3755",3755,"A","A",NA,1203
"3756",3756,"T","A",8.7,1608
"3757",3757,"G","T",32.1,1724
"3758",3758,"G","C",23,1751
"3759",3759,"C","T",15.4,1083
"3760",3760,"C","C",NA,1286
"3761",3761,"A","A",NA,1624
"3762",3762,"G","G",NA,1537
"3763",3763,"T","T",NA,1410
"3764",3764,"A","T",7.3,1968
"3765",3765,"A","T",13.7,1116
"3766",3766,"A","G",29.4,1095
"3767",3767,"A","C",29.4,1057
"3768",3768,"G","A",38.5,1344
"3769",3769,"T","T",NA,1489
"3770",3770,"A","T",39.7,1428
"3771",3771,"G","G",NA,1004
"3772",3772,"T","T",NA,1803
"3773",3773,"A","T",14.8,1230
"3774",3774,"C","G",24.8,1931
"3775",3775,"A","G",33.7,1077
"3776",3776,"C","A",34.4,1739
"3777",3777,"A","A",NA,1413
"3778",3778,"C","G",30.2,1058
"3779",3779,"A","A",NA,1044
"3780",3780,"G","G",NA,1365
"3781",3781,"A","A",NA,1498
"3782",3782,"C","A",5,1970
"3783",3783,"A","A",NA,1575
"3784",3784,"A","A",NA,1595
"3785",3785,"T","A",18.5,1300
"3786",3786,"G","T",23,1299
"3787",3787,"G","C",34.6,1272
"3788",3788,"C","C",NA,1999
"3789",3789,"A","A",NA,1961
"3790",3790,"G","G",NA,1301
"3791",3791,"C","G",39,1358
"3792",3792,"A","G",19.3,1943
"3793",3793,"A","A",NA,1897
"3794",3794,"T","G",8.4,1568
"3795",3795,"T","C",21.6,1998
"3796",3796,"T","G",34.6,1849
"3797",3797,"C","T",22.6,1418
"3798",3798,"A","A",NA,1691
"3799",3799,"C","T",39.1,1666
"3800",3800,"C","C",NA,1867
"3801",3801,"A","A",NA,1174
"3802",3802,"G","G",NA,1635
"3803",3803,"T","T",NA,1334
"3804",3804,"G","T",5.9,1230
"3805",3805,"C","C",NA,1648
"3806",3806,"T","A",36.5,1609
"3807",3807,"G","T",25.8,1315
"3808",3808,"C","T",32.6,1655
"3809",3809,"A","C",20,1267
"3810",3810,"T","C",16.1,1489
"3811",3811,"T","T",NA,1689
"3812",3812,"T","G",39.2,1576
"3813",3813,"A","G",12.4,1669
"3814",3814,"A","A",NA,1741
"3815",3815,"A","C",25.4,1841
"3816",3816,"G","T",15.9,1167
"3817",3817,"C","G",26.2,1155
"3818",3818,"A","A",NA,1014
"3819",3819,"G","C",27,1840
"3820",3820,"C","C",NA,1164
"3821",3821,"C","G",1,1102
"3822",3822,"T","C",40,1781
"3823",3823,"G","G",NA,1955
"3824",3824,"T","G",16.1,1400
"3825",3825,"T","T",NA,1235
"3826",3826,"G","A",36.8,1426
"3827",3827,"G","A",33.6,1994
"3828",3828,"T","T",NA,1909
"3829",3829,"G","C",5.9,1942
"3830",3830,"G","T",34.9,1998
"3831",3831,"G","C",8.3,1528
"3832",3832,"C","A",5.7,1957
"3833",3833,"A","C",1.8,1951
"3834",3834,"A","T",11.4,1459
"3835",3835,"A","T",3.7,1460
"3836",3836,"T","A",2.3,1618
"3837",3837,"G","G",NA,1569
"3838",3838,"T","A",36.1,1994
"3839",3839,"C","A",3,1051
"3840",3840,"C","G",14.9,1801
"3841",3841,"A","G",3.1,1611
"3842",3842,"A","C",11.8,1902
"3843",3843,"C","A",12.3,1091
"3844",3844,"A","C",35.7,1533
"3845",3845,"G","G",NA,1092
"3846",3846,"G","C",30.7,1738
"3847",3847,"A","A",NA,1261
"3848",3848,"A","G",19.4,1343
"3849",3849,"T","T",NA,1064
"3850",3850,"T","G",21.4,1072
"3851",3851,"T","T",NA,1879
"3852",3852,"G","T",39.7,1234
"3853",3853,"G","G",NA,1468
"3854",3854,"G","G",NA,1639
"3855",3855,"A","T",1.5,1985
"3856",3856,"T","C",10.4,1076
"3857",3857,"T","A",31.1,1694
"3858",3858,"C","C",NA,1696
"3859",3859,"C","G",10.9,1549
"3860",3860,"C","A",5.4,1531
"3861",3861,"T","C",28.4,1795
"3862",3862,"A","A",NA,1312
"3863",3863,"C","C",NA,1527
"3864",3864,"A","A",NA,1534
"3865",3865,"A","G",14.9,1360
"3866",3866,"T","C",10.8,1837
"3867",3867,"C","G",14.3,1390
"3868",3868,"C","T",37.9,1476
"3869",3869,"C","A",28.3,1798
"3870",3870,"C","A",37,1704
"3871",3871,"A","C",16.6,1207
"3872",3872,"A","T",31.5,1605
"3873",3873,"A","T",15.9,1793
"3874",3874,"G","G",NA,1776
"3875",3875,"T","G",3.5,1691
"3876",3876,"C","C",NA,1679
"3877",3877,"A","T",23,1572
"3878",3878,"A","G",8.4,1239
"3879",3879,"G","C",39.6,1441
"3880",3880,"G","G",NA,1569
"3881",3881,"A","C",16.3,1443
"3882",3882,"G","G",NA,1059
"3883",3883,"T","A",15.7,1020
"3884",3884,"A","T",39.3,1321
"3885",3885,"G","A",30.2,1276
"3886",3886,"T","G",17.2,1558
"3887",3887,"A","G",11.8,1631
"3888",3888,"G","C",4.6,1623
"3889",3889,"A","G",36,1331
"3890",3890,"A","A",NA,1225
"3891",3891,"T","A",21,1928
"3892",3892,"C","C",NA,1319
"3893",3893,"T","A",17.3,1852
"3894",3894,"A","T",8.4,1436
"3895",3895,"T","T",NA,1452
"3896",3896,"G","G",NA,1691
"3897",3897,"A","T",35.8,1310
"3898",3898,"A","A",NA,1167
"3899",3899,"T","A",6.6,1611
"3900",3900,"A","A",NA,1780
"3901",3901,"A","T",16.4,1269
"3902",3902,"G","G",NA,1504
"3903",3903,"G","A",15.9,1718
"3904",3904,"A","G",34.9,1825
"3905",3905,"A","A",NA,1381
"3906",3906,"T","T",NA,1421
"3907",3907,"T","G",23.7,1141
"3908",3908,"A","T",24.3,1832
"3909",3909,"A","C",7.8,1319
"3910",3910,"A","A",NA,1465
"3911",3911,"G","A",5.9,1755
"3912",3912,"A","A",NA,1160
"3913",3913,"A","T",33.3,1809
"3914",3914,"A","C",14,1121
"3915",3915,"A","C",15.9,1744
"3916",3916,"T","T",NA,1380
"3917",3917,"C","C",NA,1979
"3918",3918,"A","G",22.7,1222
"3919",3919,"T","G",17.1,1923
"3920",3920,"A","A",NA,1946
"3921",3921,"G","A",20.6,1151
"3922",3922,"G","G",NA,1913
"3923",3923,"G","A",22.3,1650
"3924",3924,"C","G",36.1,1803
"3925",3925,"A","G",21.8,1924
"3926",3926,"A","A",NA,1100
"3927",3927,"G","A",15.6,1646
"3928",3928,"T","A",2.3,1427
"3929",3929,"C","A",13.8,1765
"3930",3930,"A","C",20.3,1512
"3931",3931,"G","A",10.5,1270
"3932",3932,"A","A",NA,1792
"3933",3933,"G","G",NA,1381
"3934",3934,"A","A",NA,1243
"3935",3935,"C","A",6.7,1773
"3936",3936,"C","T",7.6,1909
"3937",3937,"A","C",11.5,1615
"3938",3938,"A","C",31.6,1854
"3939",3939,"G","A",9.7,1212
"3940",3940,"C","T",31,1946
"3941",3941,"T","T",NA,1438
"3942",3942,"G","C",27.8,1713
"3943",3943,"A","A",NA,1456
"3944",3944,"A","A",NA,1737
"3945",3945,"C","C",NA,1812
"3946",3946,"A","C",34.7,1169
"3947",3947,"T","T",NA,1975
"3948",3948,"C","T",19,1022
"3949",3949,"T","A",22.5,1147
"3950",3950,"T","G",37.7,1749
"3951",3951,"A","G",14.6,1598
"3952",3952,"A","A",NA,1994
"3953",3953,"G","T",2.6,1549
"3954",3954,"A","C",12.8,1203
"3955",3955,"C","A",5.7,1758
"3956",3956,"A","T",27.1,1658
"3957",3957,"G","C",33.5,1335
"3958",3958,"C","A",31.4,1377
"3959",3959,"A","T",5.1,1365
"3960",3960,"G","T",2.6,1441
"3961",3961,"T","T",NA,1511
"3962",3962,"A","G",36.8,1235
"3963",3963,"C","T",11.5,1669
"3964",3964,"A","C",7.8,1664
"3965",3965,"A","A",NA,1010
"3966",3966,"A","T",37.3,1953
"3967",3967,"T","A",26.9,1148
"3968",3968,"G","G",NA,1703
"3969",3969,"G","C",7.6,1013
"3970",3970,"C","G",20.1,1084
"3971",3971,"A","G",21.6,1827
"3972",3972,"G","C",37.8,1742
"3973",3973,"T","C",25.7,1877
"3974",3974,"A","T",8.9,1890
"3975",3975,"T","G",19.2,1815
"3976",3976,"T","G",25.6,1234
"3977",3977,"C","T",11.4,1036
"3978",3978,"A","G",37.8,1913
"3979",3979,"T","G",33.9,1183
"3980",3980,"T","G",11.3,1448
"3981",3981,"C","A",27.7,1204
"3982",3982,"A","G",1.2,1135
"3983",3983,"C","T",26.7,1990
"3984",3984,"A","A",NA,1108
"3985",3985,"A","C",31.5,1060
"3986",3986,"T","G",39.7,1969
"3987",3987,"T","C",4.2,1776
"3988",3988,"T","T",NA,1623
"3989",3989,"T","A",38.7,1237
"3990",3990,"A","C",3.3,1294
"3991",3991,"A","G",34.3,1570
"3992",3992,"A","A",NA,1539
"3993",3993,"A","C",18.5,1281
"3994",3994,"G","C",37.9,1649
"3995",3995,"A","C",16.7,1656
"3996",3996,"A","T",13.9,1082
"3997",3997,"A","T",23.2,1260
"3998",3998,"A","C",26,1183
"3999",3999,"G","A",19.8,1951
"4000",4000,"G","T",11,1932
"4001",4001,"G","A",12.8,1490
"4002",4002,"G","A",38.9,1977
"4003",4003,"G","A",11.4,1458
"4004",4004,"G","C",8.4,1613
"4005",4005,"A","T",1.1,1728
"4006",4006,"T","C",35.8,1317
"4007",4007,"T","C",32.4,1363
"4008",4008,"G","C",3.2,1248
"4009",4009,"G","A",21.9,1743
"4010",4010,"G","C",24.1,1393
"4011",4011,"G","G",NA,1946
"4012",4012,"G","A",33.1,1231
"4013",4013,"G","G",NA,1451
"4014",4014,"T","G",11.8,1580
"4015",4015,"A","C",21.9,1376
"4016",4016,"C","C",NA,1945
"4017",4017,"A","T",31.2,1709
"4018",4018,"G","C",25.4,1339
"4019",4019,"T","C",19.9,1384
"4020",4020,"G","T",10.9,1282
"4021",4021,"C","C",NA,1603
"4022",4022,"A","A",NA,1589
"4023",4023,"G","A",16.3,1241
"4024",4024,"G","G",NA,1875
"4025",4025,"G","A",10.6,1297
"4026",4026,"G","A",22.7,1846
"4027",4027,"A","C",4.9,1097
"4028",4028,"A","A",NA,1601
"4029",4029,"A","G",28.6,1150
"4030",4030,"G","C",21.6,1979
"4031",4031,"A","G",18.5,1059
"4032",4032,"A","G",40,1275
"4033",4033,"T","C",29.6,1819
"4034",4034,"A","T",2.9,1661
"4035",4035,"A","G",10.9,1229
"4036",4036,"T","T",NA,1802
"4037",4037,"A","C",7.8,1133
"4038",4038,"G","C",10.8,1049
"4039",4039,"A","A",NA,1674
"4040",4040,"C","C",NA,1687
"4041",4041,"A","T",34.7,1407
"4042",4042,"T","A",10.7,1977
"4043",4043,"A","G",29.5,1717
"4044",4044,"A","T",1.5,1868
"4045",4045,"T","C",25.2,1479
"4046",4046,"A","T",35.5,1871
"4047",4047,"G","G",NA,1460
"4048",4048,"C","C",NA,1142
"4049",4049,"A","A",NA,1953
"4050",4050,"A","C",10.2,1543
"4051",4051,"C","T",38.9,1637
"4052",4052,"A","G",5.7,1390
"4053",4053,"G","G",NA,1297
"4054",4054,"A","C",12.1,1283
"4055",4055,"C","T",7.7,1395
"4056",4056,"A","C",19,1335
"4057",4057,"T","C",8.9,1658
"4058",4058,"A","G",17.7,1662
"4059",4059,"C","A",18.2,1871
"4060",4060,"A","A",NA,1896
"4061",4061,"A","T",11.7,1651
"4062",4062,"A","C",13.8,1437
"4063",4063,"C","T",23.5,1314
"4064",4064,"T","C",2.7,1694
"4065",4065,"A","G",37.6,1895
"4066",4066,"A","T",28.1,1344
"4067",4067,"A","G",38.3,1471
"4068",4068,"G","T",4.9,1880
"4069",4069,"A","C",3.9,1051
"4070",4070,"A","T",19.9,1742
"4071",4071,"T","G",1.2,1644
"4072",4072,"T","A",3.9,1537
"4073",4073,"A","A",NA,1096
"4074",4074,"C","T",14.1,1003
"4075",4075,"A","A",NA,1096
"4076",4076,"A","G",36.2,1669
"4077",4077,"A","G",4.3,1997
"4078",4078,"A","T",33.7,1846
"4079",4079,"A","A",NA,1971
"4080",4080,"C","A",38.2,1494
"4081",4081,"A","C",17.2,1258
"4082",4082,"A","A",NA,1660
"4083",4083,"A","A",NA,1067
"4084",4084,"T","G",37.1,1092
"4085",4085,"T","T",NA,1542
"4086",4086,"A","T",28.5,1813
"4087",4087,"C","A",32.7,1310
"4088",4088,"A","C",16.8,1738
"4089",4089,"A","A",NA,1727
"4090",4090,"A","G",38.2,1096
"4091",4091,"A","G",4.7,1916
"4092",4092,"A","C",39.2,1632
"4093",4093,"T","A",33.9,1251
"4094",4094,"T","A",37.4,1397
"4095",4095,"C","G",10.1,1621
"4096",4096,"A","C",24.7,1727
"4097",4097,"A","T",13.3,1170
"4098",4098,"A","T",30.7,1267
"4099",4099,"A","T",30.4,1480
"4100",4100,"T","G",16.1,1018
"4101",4101,"T","T",NA,1571
"4102",4102,"T","C",28.7,1984
"4103",4103,"T","C",9.1,1437
"4104",4104,"C","C",NA,1149
"4105",4105,"G","C",9.1,1560
"4106",4106,"G","T",19.7,1485
"4107",4107,"G","A",12,1139
"4108",4108,"T","T",NA,1095
"4109",4109,"T","T",NA,1916
"4110",4110,"T","A",6.5,1946
"4111",4111,"A","G",9.1,1771
"4112",4112,"T","T",NA,1550
"4113",4113,"T","G",37,1204
"4114",4114,"A","G",2.7,1602
"4115",4115,"C","G",32.2,1899
"4116",4116,"A","A",NA,1764
"4117",4117,"G","T",17,1474
"4118",4118,"G","G",NA,1620
"4119",4119,"G","A",30.4,1744
"4120",4120,"A","T",29.6,1568
"4121",4121,"C","C",NA,1211
"4122",4122,"A","A",NA,1393
"4123",4123,"G","A",11,1204
"4124",4124,"C","T",33.2,1383
"4125",4125,"A","C",32.8,1773
"4126",4126,"G","C",32,1787
"4127",4127,"A","G",34.6,1937
"4128",4128,"G","A",26.4,1496
"4129",4129,"A","C",2.6,1856
"4130",4130,"T","A",30.9,1717
"4131",4131,"C","G",3.2,1555
"4132",4132,"C","A",14.3,1528
"4133",4133,"A","T",27.9,1542
"4134",4134,"C","A",7.8,1866
"4135",4135,"T","T",NA,1246
"4136",4136,"T","G",31.4,1274
"4137",4137,"T","G",32.7,1268
"4138",4138,"G","G",NA,1045
"4139",4139,"G","A",16.9,1150
"4140",4140,"A","A",NA,1568
"4141",4141,"A","C",24,1173
"4142",4142,"A","C",37.4,1873
"4143",4143,"G","A",21.5,1350
"4144",4144,"G","C",6.8,1755
"4145",4145,"A","G",4.4,1003
"4146",4146,"C","A",3.8,1501
"4147",4147,"C","C",NA,1213
"4148",4148,"A","G",21.3,1393
"4149",4149,"G","G",NA,1696
"4150",4150,"C","A",24.7,1561
"4151",4151,"A","T",32.6,1462
"4152",4152,"A","C",15.2,1770
"4153",4153,"A","T",2.7,1333
"4154",4154,"A","C",23.3,1052
"4155",4155,"C","T",6.6,1289
"4156",4156,"T","T",NA,1918
"4157",4157,"A","T",35.4,1123
"4158",4158,"C","G",31.3,1199
"4159",4159,"T","T",NA,1199
"4160",4160,"C","T",2.5,1854
"4161",4161,"T","T",NA,1407
"4162",4162,"G","A",3.9,1129
"4163",4163,"G","A",1.4,1576
"4164",4164,"A","A",NA,1224
"4165",4165,"A","G",31.2,1960
"4166",4166,"A","A",NA,1114
"4167",4167,"G","C",1.1,1370
"4168",4168,"G","T",4.4,1591
"4169",4169,"T","C",27.1,1015
"4170",4170,"G","A",33,1634
"4171",4171,"A","C",39.6,1133
"4172",4172,"A","T",26.4,1567
"4173",4173,"G","C",37.6,1221
"4174",4174,"G","G",NA,1376
"4175",4175,"G","T",16.6,1448
"4176",4176,"G","A",4.2,1542
"4177",4177,"C","A",27,1700
"4178",4178,"A","G",6.6,1617
"4179",4179,"G","G",NA,1609
"4180",4180,"T","G",5.9,1899
"4181",4181,"A","A",NA,1382
"4182",4182,"G","T",6,1371
"4183",4183,"T","A",3.6,1089
"4184",4184,"A","G",5.4,1442
"4185",4185,"A","A",NA,1114
"4186",4186,"T","C",31.5,1878
"4187",4187,"A","G",20.9,1693
"4188",4188,"C","C",NA,1333
"4189",4189,"A","T",13.7,1303
"4190",4190,"A","A",NA,1298
"4191",4191,"G","A",22.8,1031
"4192",4192,"A","G",13.6,1384
"4193",4193,"C","T",39.5,1342
"4194",4194,"A","C",31,1839
"4195",4195,"A","T",30.7,1761
"4196",4196,"T","C",27.1,1117
"4197",4197,"A","G",28.6,1790
"4198",4198,"G","C",10.7,1732
"4199",4199,"T","G",28.3,1075
"4200",4200,"G","C",30.1,1566
"4201",4201,"A","G",36.8,1448
"4202",4202,"T","G",12.7,1855
"4203",4203,"A","T",17.2,1160
"4204",4204,"T","A",30.9,1229
"4205",4205,"A","C",16.3,1423
"4206",4206,"A","C",27.7,1210
"4207",4207,"A","T",39.6,1982
"4208",4208,"G","T",34.3,1495
"4209",4209,"G","C",4.6,1041
"4210",4210,"T","C",26.1,1091
"4211",4211,"A","C",24.3,1839
"4212",4212,"G","G",NA,1564
"4213",4213,"T","C",7.5,1552
"4214",4214,"G","T",22,1884
"4215",4215,"C","G",34,1744
"4216",4216,"C","A",25.6,1800
"4217",4217,"C","C",NA,1232
"4218",4218,"A","A",NA,1754
"4219",4219,"G","A",26,1217
"4220",4220,"A","G",12.2,1188
"4221",4221,"A","T",18.9,1458
"4222",4222,"G","A",37.9,1590
"4223",4223,"A","C",15.9,1712
"4224",4224,"A","G",26.9,1441
"4225",4225,"A","C",32.7,1124
"4226",4226,"A","A",NA,1321
"4227",4227,"G","C",24.4,1313
"4228",4228,"C","A",15,1334
"4229",4229,"A","G",10.3,1804
"4230",4230,"A","G",15.2,1152
"4231",4231,"A","A",NA,1521
"4232",4232,"A","A",NA,1690
"4233",4233,"A","G",13.1,1970
"4234",4234,"T","C",19.7,1334
"4235",4235,"C","C",NA,1588
"4236",4236,"A","G",16.4,1367
"4237",4237,"T","T",NA,1955
"4238",4238,"T","A",11.6,1594
"4239",4239,"A","T",31,1482
"4240",4240,"G","C",20.5,1735
"4241",4241,"G","C",36.2,1459
"4242",4242,"G","C",7,1797
"4243",4243,"A","C",4.5,1964
"4244",4244,"T","T",NA,1558
"4245",4245,"T","A",25.9,1113
"4246",4246,"A","G",30.1,1358
"4247",4247,"T","C",13.7,1890
"4248",4248,"G","T",26.5,1367
"4249",4249,"G","A",20.8,1501
"4250",4250,"A","A",NA,1373
"4251",4251,"A","A",NA,1152
"4252",4252,"A","A",NA,1894
"4253",4253,"A","A",NA,1341
"4254",4254,"C","T",2.5,1998
"4255",4255,"A","G",11.4,1702
"4256",4256,"G","T",25.2,1403
"4257",4257,"A","A",NA,1505
"4258",4258,"T","C",8.3,1920
"4259",4259,"G","C",10.8,1971
"4260",4260,"G","A",21.7,1494
"4261",4261,"C","G",1.3,1455
"4262",4262,"A","T",29.8,1685
"4263",4263,"G","C",14.1,1955
"4264",4264,"G","A",18.3,1037
"4265",4265,"T","C",34.8,1433
"4266",4266,"G","C",18.9,1098
"4267",4267,"A","C",24.2,1110
"4268",4268,"T","G",19.2,1473
"4269",4269,"G","C",18.4,1727
"4270",4270,"A","A",NA,1794
"4271",4271,"T","G",4.9,1691
"4272",4272,"T","G",11.8,1333
"4273",4273,"G","C",6.5,1202
"4274",4274,"T","A",18.6,1496
"4275",4275,"G","T",1.1,1286
"4276",4276,"T","C",11.8,1031
"4277",4277,"G","T",4.2,1319
"4278",4278,"G","T",5.4,1239
"4279",4279,"C","T",4,1886
"4280",4280,"A","A",NA,1867
"4281",4281,"G","A",29.3,1816
"4282",4282,"G","T",7.3,1789
"4283",4283,"T","C",3.8,1412
"4284",4284,"A","G",23.4,1146
"4285",4285,"G","A",5.3,1006
"4286",4286,"A","C",6,1624
"4287",4287,"C","C",NA,1805
"4288",4288,"A","C",28.5,1320
"4289",4289,"G","G",NA,1133
"4290",4290,"G","T",17.1,1221
"4291",4291,"A","A",NA,1029
"4292",4292,"T","G",10.9,1558
"4293",4293,"G","G",NA,1493
"4294",4294,"A","T",6.3,1920
"4295",4295,"G","C",20.8,1041
"4296",4296,"G","A",3.8,1049
"4297",4297,"A","A",NA,1985
"4298",4298,"T","A",27.7,1907
"4299",4299,"T","G",5.4,1415
"4300",4300,"A","A",NA,1445
"4301",4301,"G","A",4.2,1139
"4302",4302,"G","G",NA,1108
"4303",4303,"A","C",9.8,1080
"4304",4304,"C","G",39.4,1305
"4305",4305,"A","T",39.3,1246
"4306",4306,"T","G",13.6,1459
"4307",4307,"G","G",NA,1397
"4308",4308,"G","A",35.9,1781
"4309",4309,"A","T",37.4,1550
"4310",4310,"A","T",22.4,1755
"4311",4311,"C","C",NA,1195
"4312",4312,"A","A",NA,1093
"4313",4313,"G","C",12.9,1739
"4314",4314,"T","C",16.3,1275
"4315",4315,"T","A",20.2,1043
"4316",4316,"T","C",36.6,1750
"4317",4317,"A","T",32.6,1297
"4318",4318,"G","T",7.5,1740
"4319",4319,"T","G",26.5,1488
"4320",4320,"A","C",8.2,1398
"4321",4321,"A","T",2.6,1297
"4322",4322,"A","T",21,1234
"4323",4323,"A","T",32.2,1034
"4324",4324,"C","C",NA,1745
"4325",4325,"A","G",11.2,1021
"4326",4326,"T","A",3.8,1877
"4327",4327,"C","C",NA,1125
"4328",4328,"A","C",2.9,1458
"4329",4329,"T","T",NA,1032
"4330",4330,"A","C",11.3,1608
"4331",4331,"T","A",1.1,1736
"4332",4332,"G","G",NA,1789
"4333",4333,"T","A",31.7,1600
"4334",4334,"A","A",NA,1991
"4335",4335,"T","G",38.4,1091
"4336",4336,"G","A",1.8,1462
"4337",4337,"T","C",32.3,1314
"4338",4338,"C","G",38.6,1852
"4339",4339,"T","T",NA,1726
"4340",4340,"C","A",13.3,1711
"4341",4341,"A","T",37.8,1156
"4342",4342,"A","C",8.3,1542
"4343",4343,"A","G",12.3,1508
"4344",4344,"G","T",5.8,1997
"4345",4345,"A","C",29.4,1286
"4346",4346,"A","G",22.9,1450
"4347",4347,"A","G",31.1,1261
"4348",4348,"G","G",NA,1440
"4349",4349,"C","C",NA,1408
"4350",4350,"T","A",34,1638
"4351",4351,"G","G",NA,1053
"4352",4352,"G","T",26.4,1587
"4353",4353,"A","T",6.8,1769
"4354",4354,"G","A",26.2,1184
"4355",4355,"G","G",NA,1641
"4356",4356,"T","T",NA,1376
"4357",4357,"T","T",NA,1497
"4358",4358,"G","G",NA,1273
"4359",4359,"G","A",18,1589
"4360",4360,"T","C",17.6,1196
"4361",4361,"T","C",20.6,1522
"4362",4362,"T","G",3.1,1125
"4363",4363,"T","A",13.6,1723
"4364",4364,"A","C",29.7,1189
"4365",4365,"T","T",NA,1074
"4366",4366,"A","A",NA,1705
"4367",4367,"G","G",NA,1541
"4368",4368,"A","G",16.2,1020
"4369",4369,"C","G",17.8,1367
"4370",4370,"A","T",22.2,1067
"4371",4371,"T","T",NA,1588
"4372",4372,"C","C",NA,1113
"4373",4373,"A","C",9.1,1122
"4374",4374,"C","T",4.9,1039
"4375",4375,"T","C",16.3,1239
"4376",4376,"T","G",39.3,1680
"4377",4377,"T","T",NA,1836
"4378",4378,"G","C",1.4,1466
"4379",4379,"A","A",NA,1902
"4380",4380,"A","C",38.5,1865
"4381",4381,"A","C",26.6,1573
"4382",4382,"G","A",38.9,1341
"4383",4383,"C","A",32.9,1650
"4384",4384,"A","T",34.6,1408
"4385",4385,"G","C",10.9,1386
"4386",4386,"G","T",10.7,1573
"4387",4387,"C","T",15.1,1816
"4388",4388,"A","G",6.3,1362
"4389",4389,"T","G",2.8,1349
"4390",4390,"C","A",19.5,1309
"4391",4391,"C","C",NA,1436
"4392",4392,"A","C",6.6,1173
"4393",4393,"A","A",NA,1482
"4394",4394,"A","A",NA,1778
"4395",4395,"A","A",NA,1238
"4396",4396,"G","A",20,1194
"4397",4397,"T","A",29.3,1649
"4398",4398,"A","G",31.6,1605
"4399",4399,"A","G",15.2,1972
"4400",4400,"G","T",17.8,1430
"4401",4401,"T","G",23.6,1625
"4402",4402,"T","T",NA,1837
"4403",4403,"C","A",9.1,1062
"4404",4404,"A","C",21.4,1237
"4405",4405,"G","T",32.2,1797
"4406",4406,"A","G",36,1175
"4407",4407,"A","T",28.7,1433
"4408",4408,"G","G",NA,1613
"4409",4409,"T","A",2.3,1788
"4410",4410,"A","A",NA,1506
"4411",4411,"C","G",13.9,1552
"4412",4412,"A","T",23.2,1902
"4413",4413,"C","C",NA,1988
"4414",4414,"A","A",NA,1431
"4415",4415,"T","C",24.1,1572
"4416",4416,"C","A",5.3,1335
"4417",4417,"C","G",23.3,1575
"4418",4418,"C","T",1.5,1345
"4419",4419,"A","G",34,1946
"4420",4420,"C","T",11,1499
"4421",4421,"T","G",22.9,1654
"4422",4422,"A","A",NA,1696
"4423",4423,"G","A",33.3,1813
"4424",4424,"G","C",9.2,1573
"4425",4425,"A","G",11,1188
"4426",4426,"G","A",9,1036
"4427",4427,"A","G",38.3,1381
"4428",4428,"T","C",3.2,1559
"4429",4429,"G","G",NA,1706
"4430",4430,"C","A",15.3,1217
"4431",4431,"T","A",38.4,1429
"4432",4432,"A","A",NA,1335
"4433",4433,"G","A",27.8,1038
"4434",4434,"G","A",31.2,1025
"4435",4435,"T","C",19.1,1111
"4436",4436,"T","G",17.5,1853
"4437",4437,"G","C",35.6,1591
"4438",4438,"G","G",NA,1615
"4439",4439,"T","C",25.5,1211
"4440",4440,"A","C",2.2,1223
"4441",4441,"A","C",21.2,1209
"4442",4442,"T","G",1.9,1463
"4443",4443,"A","G",3.9,1960
"4444",4444,"A","T",8,1176
"4445",4445,"G","G",NA,1081
"4446",4446,"A","C",1.7,1247
"4447",4447,"A","C",15.6,1195
"4448",4448,"C","G",22.7,1801
"4449",4449,"A","A",NA,1286
"4450",4450,"T","T",NA,1889
"4451",4451,"A","T",23.1,1496
"4452",4452,"T","T",NA,1374
"4453",4453,"T","G",39.4,1085
"4454",4454,"G","T",8.4,1447
"4455",4455,"G","A",34.4,1992
"4456",4456,"G","A",18,1235
"4457",4457,"G","T",25.8,1843
"4458",4458,"T","T",NA,1188
"4459",4459,"C","T",31.5,1531
"4460",4460,"T","C",27.1,1060
"4461",4461,"G","A",7.5,1881
"4462",4462,"C","C",NA,1280
"4463",4463,"A","G",23.6,1265
"4464",4464,"G","T",5.9,1340
"4465",4465,"A","G",18.3,1281
"4466",4466,"C","G",18.9,1537
"4467",4467,"A","C",19.9,1760
"4468",4468,"G","C",16.6,1504
"4469",4469,"G","A",35.4,1381
"4470",4470,"A","T",11.9,1855
"4471",4471,"G","A",31.8,1446
"4472",4472,"A","C",33.3,1553
"4473",4473,"A","T",20.4,1809
"4474",4474,"A","G",9.1,1113
"4475",4475,"A","T",1.4,1984
"4476",4476,"A","C",23.1,1277
"4477",4477,"G","A",4.7,1793
"4478",4478,"A","C",15,1750
"4479",4479,"C","A",21.1,1278
"4480",4480,"T","G",14.8,1729
"4481",4481,"G","A",9.9,1317
"4482",4482,"G","A",38.1,1092
"4483",4483,"C","G",20.2,1086
"4484",4484,"A","T",14.2,1864
"4485",4485,"A","G",6.7,1424
"4486",4486,"T","T",NA,1546
"4487",4487,"T","T",NA,1226
"4488",4488,"G","A",34.6,1357
"4489",4489,"G","T",36.6,1715
"4490",4490,"G","G",NA,1320
"4491",4491,"T","G",14.5,1831
"4492",4492,"C","G",32.6,1239
"4493",4493,"A","T",2.5,1474
"4494",4494,"T","C",1.7,1870
"4495",4495,"G","T",32.8,1026
"4496",4496,"G","G",NA,1094
"4497",4497,"G","A",36,1464
"4498",4498,"G","T",23.2,1371
"4499",4499,"T","T",NA,1575
"4500",4500,"C","G",38.9,1966
"4501",4501,"T","A",18.4,1157
"4502",4502,"C","C",NA,1316
"4503",4503,"C","C",NA,1038
"4504",4504,"A","T",1.4,1900
"4505",4505,"T","C",32.8,1970
"4506",4506,"A","T",29.3,1428
"4507",4507,"G","T",35.5,1605
"4508",4508,"A","A",NA,1641
"4509",4509,"A","T",25.6,1858
"4510",4510,"T","G",13.3,1277
"4511",4511,"G","C",18.8,1012
"4512",4512,"G","G",NA,1682
"4513",4513,"A","A",NA,1161
"4514",4514,"G","G",NA,1028
"4515",4515,"G","A",31,1878
"4516",4516,"C","G",18.5,1392
"4517",4517,"T","T",NA,1247
"4518",4518,"A","T",27.2,1276
"4519",4519,"A","G",33.8,1375
"4520",4520,"A","C",31.9,1522
"4521",4521,"A","A",NA,1307
"4522",4522,"A","G",20.6,1768
"4523",4523,"G","C",31.7,1741
"4524",4524,"A","A",NA,1924
"4525",4525,"T","G",28.9,1894
"4526",4526,"A","A",NA,1572
"4527",4527,"T","G",8.6,1212
"4528",4528,"A","T",14.2,1338
"4529",4529,"G","C",36.8,1650
"4530",4530,"C","G",36.8,1827
"4531",4531,"A","G",6.4,1155
"4532",4532,"C","G",11,1925
"4533",4533,"A","C",19.6,1490
"4534",4534,"C","T",37.8,1469
"4535",4535,"A","G",13,1798
"4536",4536,"A","G",24.6,1684
"4537",4537,"G","C",10.1,1670
"4538",4538,"T","C",29.3,1790
"4539",4539,"A","T",28.1,1582
"4540",4540,"G","G",NA,1326
"4541",4541,"A","T",5.1,1975
"4542",4542,"C","T",33.4,1053
"4543",4543,"C","A",4.1,1363
"4544",4544,"C","C",NA,1793
"4545",4545,"T","T",NA,1187
"4546",4546,"G","C",19.7,1161
"4547",4547,"G","T",34,1899
"4548",4548,"C","T",37.2,1039
"4549",4549,"C","A",18.8,1399
"4550",4550,"T","T",NA,1930
"4551",4551,"G","T",19.4,1237
"4552",4552,"G","T",3.8,1364
"4553",4553,"C","G",35.7,1859
"4554",4554,"A","C",22.6,1941
"4555",4555,"G","C",26.1,1735
"4556",4556,"A","C",39.8,1661
"4557",4557,"C","T",37.2,1304
"4558",4558,"C","T",9.5,1112
"4559",4559,"A","C",22.5,1220
"4560",4560,"A","A",NA,1790
"4561",4561,"C","G",15.8,1973
"4562",4562,"T","G",36,1676
"4563",4563,"A","A",NA,1512
"4564",4564,"A","T",24.6,1792
"4565",4565,"T","T",NA,1483
"4566",4566,"T","T",NA,1907
"4567",4567,"C","A",25.9,1602
"4568",4568,"A","T",8.3,1310
"4569",4569,"C","C",NA,1809
"4570",4570,"A","A",NA,1157
"4571",4571,"T","A",9.4,1131
"4572",4572,"A","T",11.3,1604
"4573",4573,"T","A",8.5,1803
"4574",4574,"A","T",15.2,1285
"4575",4575,"T","G",31.6,1475
"4576",4576,"T","C",14.5,1918
"4577",4577,"A","G",34.7,1535
"4578",4578,"T","C",25.9,1900
"4579",4579,"T","C",10.4,1713
"4580",4580,"T","C",11.6,1871
"4581",4581,"T","T",NA,1040
"4582",4582,"G","A",20.1,1804
"4583",4583,"A","G",36.5,1104
"4584",4584,"T","A",22.5,1904
"4585",4585,"T","G",31.9,1075
"4586",4586,"G","A",31.9,1357
"4587",4587,"T","A",24.2,1739
"4588",4588,"T","C",33.8,1393
"4589",4589,"T","G",8.7,1337
"4590",4590,"T","A",18.4,1848
"4591",4591,"G","C",4.9,1991
"4592",4592,"C","T",23.8,1797
"4593",4593,"A","G",3.4,1437
"4594",4594,"G","G",NA,1875
"4595",4595,"A","T",17.8,1916
"4596",4596,"A","A",NA,1051
"4597",4597,"T","C",28.6,1347
"4598",4598,"C","A",23.2,1534
"4599",4599,"T","T",NA,1282
"4600",4600,"G","A",38,1424
"4601",4601,"C","T",20.7,1141
"4602",4602,"T","G",29.5,1141
"4603",4603,"A","T",10.1,1473
"4604",4604,"T","A",14.9,1935
"4605",4605,"A","T",20.2,1206
"4606",4606,"A","A",NA,1175
"4607",4607,"G","C",11.5,1251
"4608",4608,"A","G",17,1162
"4609",4609,"C","A",22.8,1732
"4610",4610,"A","G",26.2,1937
"4611",4611,"A","T",29.1,1344
"4612",4612,"G","A",28.9,1375
"4613",4613,"C","C",NA,1820
"4614",4614,"C","G",28.7,1739
"4615",4615,"A","G",17.9,1522
"4616",4616,"T","C",10.8,1212
"4617",4617,"A","C",4.4,1666
"4618",4618,"T","G",31,1424
"4619",4619,"T","A",30.8,1285
"4620",4620,"A","C",24.7,1265
"4621",4621,"G","C",23.6,1602
"4622",4622,"G","T",6.3,1492
"4623",4623,"A","T",16.7,1749
"4624",4624,"C","C",NA,1450
"4625",4625,"A","C",19.5,1389
"4626",4626,"T","A",28.8,1372
"4627",4627,"A","A",NA,1374
"4628",4628,"T","G",30.6,1535
"4629",4629,"A","C",37.1,1390
"4630",4630,"G","G",NA,1350
"4631",4631,"T","C",26.1,1298
"4632",4632,"T","A",30.4,1303
"4633",4633,"A","T",20,1037
"4634",4634,"C","A",25.6,1971
"4635",4635,"C","C",NA,1679
"4636",4636,"C","T",25.3,1014
"4637",4637,"C","A",38.7,1041
"4638",4638,"T","A",6.4,1865
"4639",4639,"A","A",NA,1523
"4640",4640,"G","G",NA,1168
"4641",4641,"C","A",29,1211
"4642",4642,"T","G",24.3,1808
"4643",4643,"G","T",16.2,1481
"4644",4644,"T","T",NA,1305
"4645",4645,"G","T",19.9,1681
"4646",4646,"A","A",NA,1682
"4647",4647,"A","C",2.3,1663
"4648",4648,"T","A",7.4,1431
"4649",4649,"A","T",10.5,1137
"4650",4650,"T","T",NA,1949
"4651",4651,"C","G",40,1245
"4652",4652,"A","T",12.4,1221
"4653",4653,"A","A",NA,1922
"4654",4654,"G","C",12.9,1501
"4655",4655,"C","A",39.1,1697
"4656",4656,"A","G",38.5,1882
"4657",4657,"G","G",NA,1222
"4658",4658,"G","A",6.7,1351
"4659",4659,"A","G",20.6,1857
"4660",4660,"C","A",14.7,1908
"4661",4661,"A","G",19,1267
"4662",4662,"T","T",NA,1528
"4663",4663,"A","G",7.2,1317
"4664",4664,"G","G",NA,1476
"4665",4665,"C","T",9.9,1984
"4666",4666,"A","G",23.9,1308
"4667",4667,"A","G",6.5,1071
"4668",4668,"G","A",6.1,1439
"4669",4669,"G","G",NA,1564
"4670",4670,"T","A",11.7,1619
"4671",4671,"A","T",24.9,1660
"4672",4672,"G","A",28.1,1377
"4673",4673,"G","G",NA,1229
"4674",4674,"A","G",18.3,1485
"4675",4675,"T","G",15.8,1742
"4676",4676,"C","G",31.3,1625
"4677",4677,"T","A",16.5,1210
"4678",4678,"C","A",8.2,1821
"4679",4679,"T","G",29.3,1420
"4680",4680,"A","A",NA,1695
"4681",4681,"C","C",NA,1501
"4682",4682,"A","G",13.6,1772
"4683",4683,"A","A",NA,1461
"4684",4684,"T","T",NA,1809
"4685",4685,"A","G",33.7,1344
"4686",4686,"T","G",25.5,1166
"4687",4687,"T","A",13.9,1970
"4688",4688,"T","T",NA,1670
"4689",4689,"G","G",NA,1147
"4690",4690,"G","C",28.6,1185
"4691",4691,"C","G",34,1378
"4692",4692,"A","G",2.1,1721
"4693",4693,"C","C",NA,1967
"4694",4694,"T","C",34.7,1830
"4695",4695,"A","T",33,1533
"4696",4696,"A","G",4.6,1643
"4697",4697,"A","G",22.3,1421
"4698",4698,"A","G",13.9,1110
"4699",4699,"G","C",24.7,1820
"4700",4700,"C","G",30.4,1694
"4701",4701,"A","A",NA,1469
"4702",4702,"T","G",27.8,1448
"4703",4703,"T","C",35.3,1797
"4704",4704,"A","A",NA,1026
"4705",4705,"G","A",5.1,1242
"4706",4706,"T","T",NA,1688
"4707",4707,"A","G",37.5,1485
"4708",4708,"A","A",NA,1201
"4709",4709,"G","T",21.7,1734
"4710",4710,"A","C",28.1,1550
"4711",4711,"T","A",31.5,1855
"4712",4712,"C","T",1.2,1716
"4713",4713,"A","G",9,1677
"4714",4714,"A","T",17.9,1917
"4715",4715,"C","T",28.6,1028
"4716",4716,"A","A",NA,1264
"4717",4717,"A","G",21.8,1401
"4718",4718,"G","C",13.5,1357
"4719",4719,"G","T",32.6,1418
"4720",4720,"A","T",27.3,1367
"4721",4721,"G","G",NA,1331
"4722",4722,"A","G",4.1,1930
"4723",4723,"A","G",23.4,1034
"4724",4724,"A","A",NA,1787
"4725",4725,"G","G",NA,1709
"4726",4726,"C","A",38.9,1143
"4727",4727,"C","A",8.8,1370
"4728",4728,"A","G",16.9,1104
"4729",4729,"C","C",NA,1949
"4730",4730,"C","T",10.1,1607
"4731",4731,"T","T",NA,1749
"4732",4732,"T","T",NA,1735
"4733",4733,"T","G",9.9,1186
"4734",4734,"G","G",NA,1750
"4735",4735,"C","C",NA,1193
"4736",4736,"C","T",35.6,1013
"4737",4737,"T","G",7.8,1509
"4738",4738,"A","G",38.5,2000
"4739",4739,"G","G",NA,1084
"4740",4740,"T","C",23.7,1346
"4741",4741,"G","A",33.8,1427
"4742",4742,"T","G",36.1,1994
"4743",4743,"T","C",24,1000
"4744",4744,"A","T",37.6,1307
"4745",4745,"G","C",17.3,1951
"4746",4746,"G","C",35.8,1636
"4747",4747,"A","T",15.9,1485
"4748",4748,"A","T",24.9,1727
"4749",4749,"G","T",3.7,1693
"4750",4750,"C","T",19.7,1195
"4751",4751,"T","G",29.8,1109
"4752",4752,"G","T",11.8,1733
"4753",4753,"A","C",28.3,1836
"4754",4754,"C","A",12.2,1032
"4755",4755,"A","T",28.1,1741
"4756",4756,"G","C",7.8,1162
"4757",4757,"A","G",17.3,1685
"4758",4758,"A","G",22.7,1605
"4759",4759,"G","C",11.9,1358
"4760",4760,"A","C",35.1,1494
"4761",4761,"T","T",NA,1186
"4762",4762,"A","A",NA,1049
"4763",4763,"G","A",33.4,1202
"4764",4764,"A","A",NA,1786
"4765",4765,"T","A",33.6,1230
"4766",4766,"G","T",32.3,1201
"4767",4767,"G","A",35.7,1772
"4768",4768,"A","T",32.2,1279
"4769",4769,"A","A",NA,1477
"4770",4770,"C","G",22.6,1123
"4771",4771,"A","T",36.8,1061
"4772",4772,"A","T",34.1,1634
"4773",4773,"G","A",20.8,1829
"4774",4774,"C","T",4.5,1674
"4775",4775,"C","A",38.7,1866
"4776",4776,"C","G",39.5,1176
"4777",4777,"C","G",11.5,1026
"4778",4778,"A","T",21.5,1846
"4779",4779,"G","T",4.2,1126
"4780",4780,"A","A",NA,1176
"4781",4781,"G","A",8.6,1271
"4782",4782,"G","G",NA,1456
"4783",4783,"A","G",38.7,1431
"4784",4784,"C","A",7.1,1443
"4785",4785,"C","C",NA,1234
"4786",4786,"A","G",8.3,1406
"4787",4787,"A","G",27.5,1940
"4788",4788,"G","C",15.7,1880
"4789",4789,"G","C",5.5,1411
"4790",4790,"G","C",13.5,1974
"4791",4791,"C","C",NA,1097
"4792",4792,"C","A",22.8,1355
"4793",4793,"A","G",37.1,1571
"4794",4794,"C","A",7.1,1857
"4795",4795,"A","G",9.8,1001
"4796",4796,"G","T",34.9,1066
"4797",4797,"A","C",19.9,1278
"4798",4798,"G","A",33.6,1555
"4799",4799,"G","T",20.3,1944
"4800",4800,"G","A",9.6,1480
"4801",4801,"A","A",NA,1580
"4802",4802,"G","A",20.6,1307
"4803",4803,"C","A",25.7,1208
"4804",4804,"C","T",7.7,1818
"4805",4805,"A","A",NA,1732
"4806",4806,"T","T",NA,1477
"4807",4807,"A","G",14.8,1313
"4808",4808,"C","G",16.2,1964
"4809",4809,"A","T",9.7,1633
"4810",4810,"A","T",7.5,1971
"4811",4811,"C","A",5.6,1496
"4812",4812,"G","T",25.7,1121
"4813",4813,"A","G",4.8,1557
"4814",4814,"A","A",NA,1675
"4815",4815,"T","C",39.9,1524
"4816",4816,"G","T",28.1,1678
"4817",4817,"G","T",27.3,1813
"4818",4818,"A","G",11.9,1228
"4819",4819,"C","G",34.1,1925
"4820",4820,"A","T",28.9,1031
"4821",4821,"T","A",37.6,1928
"4822",4822,"T","C",23.7,1870
"4823",4823,"A","C",7.7,1684
"4824",4824,"G","G",NA,1944
"4825",4825,"A","C",23.2,1644
"4826",4826,"G","C",19.9,1257
"4827",4827,"C","T",27.6,1223
"4828",4828,"T","A",10,1565
"4829",4829,"T","C",22.3,1816
"4830",4830,"T","A",39.5,1922
"4831",4831,"T","A",21.2,1212
"4832",4832,"A","G",36.2,1151
"4833",4833,"G","C",30.7,1555
"4834",4834,"A","T",22.1,1705
"4835",4835,"G","A",10.9,1232
"4836",4836,"G","T",17.4,1547
"4837",4837,"A","A",NA,1905
"4838",4838,"G","T",5.9,1092
"4839",4839,"C","A",16.2,1889
"4840",4840,"T","A",28.3,1655
"4841",4841,"T","T",NA,1224
"4842",4842,"A","G",19,1719
"4843",4843,"A","A",NA,1266
"4844",4844,"G","C",11.1,1623
"4845",4845,"A","A",NA,1377
"4846",4846,"G","G",NA,1172
"4847",4847,"A","A",NA,1209
"4848",4848,"G","G",NA,1164
"4849",4849,"A","T",13.2,1973
"4850",4850,"A","C",19.5,1847
"4851",4851,"G","A",14.7,1642
"4852",4852,"C","C",NA,1155
"4853",4853,"T","G",5.8,1859
"4854",4854,"G","C",14.1,1578
"4855",4855,"T","T",NA,1724
"4856",4856,"T","T",NA,1330
"4857",4857,"A","C",29.6,1357
"4858",4858,"G","A",19.7,1379
"4859",4859,"A","T",33.4,1447
"4860",4860,"C","A",28.5,1296
"4861",4861,"A","G",25.1,1368
"4862",4862,"T","G",36.5,1254
"4863",4863,"T","G",11.6,1668
"4864",4864,"T","T",NA,1669
"4865",4865,"T","G",29.7,1598
"4866",4866,"C","G",34.3,1676
"4867",4867,"C","A",28.8,1020
"4868",4868,"T","T",NA,1999
"4869",4869,"A","C",12,1958
"4870",4870,"G","T",5,1955
"4871",4871,"A","G",4.1,1114
"4872",4872,"C","G",6.7,1640
"4873",4873,"C","C",NA,1299
"4874",4874,"A","T",12.1,1192
"4875",4875,"T","C",12.2,1421
"4876",4876,"G","T",35.9,1380
"4877",4877,"G","C",36.2,1656
"4878",4878,"C","C",NA,1477
"4879",4879,"T","C",5.1,1542
"4880",4880,"T","G",23.6,1503
"4881",4881,"C","C",NA,1429
"4882",4882,"A","C",20.2,1646
"4883",4883,"T","A",26.5,1540
"4884",4884,"G","G",NA,1622
"4885",4885,"G","A",29.2,1459
"4886",4886,"C","T",33.2,1752
"4887",4887,"T","T",NA,1436
"4888",4888,"T","A",26.5,1634
"4889",4889,"A","C",39.7,1250
"4890",4890,"G","A",27.6,1425
"4891",4891,"G","A",20.5,1092
"4892",4892,"A","G",28.3,1096
"4893",4893,"C","T",26,1220
"4894",4894,"A","T",18.1,1183
"4895",4895,"A","T",35.4,1079
"4896",4896,"C","A",34.8,1032
"4897",4897,"A","G",2.3,1891
"4898",4898,"T","G",21.2,1574
"4899",4899,"A","T",39.4,1673
"4900",4900,"T","A",2.9,1861
"4901",4901,"C","C",NA,1623
"4902",4902,"T","T",NA,1460
"4903",4903,"A","A",NA,1633
"4904",4904,"T","T",NA,1635
"4905",4905,"A","G",13.4,1525
"4906",4906,"A","G",11.8,1831
"4907",4907,"C","C",NA,1382
"4908",4908,"A","G",27.1,1278
"4909",4909,"C","G",39.5,1597
"4910",4910,"C","C",NA,1207
"4911",4911,"T","T",NA,1277
"4912",4912,"A","C",30.6,1052
"4913",4913,"T","A",22.3,1869
"4914",4914,"G","C",30.9,1396
"4915",4915,"G","C",38.3,1820
"4916",4916,"G","G",NA,1431
"4917",4917,"G","C",5.4,1208
"4918",4918,"A","C",20.6,1461
"4919",4919,"T","T",NA,1625
"4920",4920,"A","G",37.1,1942
"4921",4921,"C","T",11.8,1029
"4922",4922,"T","T",NA,1961
"4923",4923,"T","A",34.1,1303
"4924",4924,"G","T",25.2,1561
"4925",4925,"G","C",18.1,1125
"4926",4926,"G","C",33.5,1572
"4927",4927,"A","G",6.6,1263
"4928",4928,"A","G",17.8,1845
"4929",4929,"G","C",34.7,1882
"4930",4930,"G","C",30.3,1095
"4931",4931,"A","T",7.3,1121
"4932",4932,"G","G",NA,1436
"4933",4933,"T","T",NA,1774
"4934",4934,"T","T",NA,1478
"4935",4935,"G","C",22.7,1874
"4936",4936,"A","G",33.1,1681
"4937",4937,"A","A",NA,1550
"4938",4938,"G","T",17.6,1051
"4939",4939,"C","G",28,1626
"4940",4940,"T","A",27.3,1824
"4941",4941,"A","A",NA,1767
"4942",4942,"T","C",37.7,1641
"4943",4943,"A","G",28.7,1668
"4944",4944,"A","T",34,1027
"4945",4945,"T","C",34.5,1024
"4946",4946,"A","C",4,1493
"4947",4947,"A","C",23.1,1211
"4948",4948,"G","T",1.3,1408
"4949",4949,"A","C",18,1129
"4950",4950,"A","C",14.9,1514
"4951",4951,"T","G",1.9,1470
"4952",4952,"A","C",26,1912
"4953",4953,"T","G",38.3,1179
"4954",4954,"T","G",26.8,1436
"4955",4955,"G","C",36.3,1494
"4956",4956,"C","C",NA,1702
"4957",4957,"A","T",31.2,1143
"4958",4958,"G","G",NA,1542
"4959",4959,"C","A",21,1950
"4960",4960,"A","G",11.1,1193
"4961",4961,"A","G",23.6,1010
"4962",4962,"C","G",22.8,1617
"4963",4963,"T","G",36.3,1731
"4964",4964,"A","C",28.3,1531
"4965",4965,"C","G",37.2,1919
"4966",4966,"T","T",NA,1714
"4967",4967,"G","T",21.9,1929
"4968",4968,"T","A",35.9,1530
"4969",4969,"T","T",NA,1092
"4970",4970,"T","A",6.7,1276
"4971",4971,"G","A",13.9,1347
"4972",4972,"T","G",24.8,1388
"4973",4973,"T","T",NA,1193
"4974",4974,"C","C",NA,1057
"4975",4975,"A","G",2.3,1527
"4976",4976,"T","G",16,1051
"4977",4977,"T","T",NA,1368
"4978",4978,"T","G",23.9,1932
"4979",4979,"C","T",10.9,1784
"4980",4980,"A","C",18.6,1799
"4981",4981,"G","C",32.2,1625
"4982",4982,"A","A",NA,1224
"4983",4983,"A","A",NA,1314
"4984",4984,"T","G",31.9,1506
"4985",4985,"T","G",30.8,1578
"4986",4986,"G","C",16.4,1047
"4987",4987,"G","G",NA,1586
"4988",4988,"G","C",12.5,1884
"4989",4989,"T","A",25.2,1407
"4990",4990,"G","T",27.6,1160
"4991",4991,"T","T",NA,1901
"4992",4992,"C","A",18.5,1085
"4993",4993,"A","C",33.6,1360
"4994",4994,"A","A",NA,1589
"4995",4995,"C","G",7,1439
"4996",4996,"A","T",34.4,1086
"4997",4997,"T","T",NA,1784
"4998",4998,"A","C",36,1368
"4999",4999,"G","C",30.3,1037
"5000",5000,"C","A",24.3,1222
"5001",5001,"A","C",32.5,1388
"5002",5002,"G","G",NA,1733
"5003",5003,"A","A",NA,1067
"5004",5004,"A","C",32.2,1916
"5005",5005,"T","T",NA,1755
"5006",5006,"A","C",24.2,1820
"5007",5007,"G","G",NA,1982
"5008",5008,"G","A",3.8,1231
"5009",5009,"C","T",39,1654
"5010",5010,"A","C",20.7,1588
"5011",5011,"T","C",17.9,1272
"5012",5012,"T","A",15.4,1533
"5013",5013,"A","G",1.1,1687
"5014",5014,"C","G",26.7,1106
"5015",5015,"T","C",15.4,1314
"5016",5016,"C","C",NA,1794
"5017",5017,"G","A",5.5,1011
"5018",5018,"A","C",33.7,1303
"5019",5019,"C","A",14.7,1710
"5020",5020,"A","C",5.2,1789
"5021",5021,"G","C",27.5,1152
"5022",5022,"A","C",13.1,1037
"5023",5023,"G","G",NA,1309
"5024",5024,"A","T",31.9,1074
"5025",5025,"A","G",37.4,1681
"5026",5026,"G","C",3.1,1301
"5027",5027,"A","C",2.8,1380
"5028",5028,"G","G",NA,1340
"5029",5029,"C","A",2.9,1364
"5030",5030,"A","A",NA,1313
"5031",5031,"A","G",32.8,1705
"5032",5032,"G","T",11.4,1301
"5033",5033,"A","C",38.4,1572
"5034",5034,"A","A",NA,1708
"5035",5035,"A","C",39.8,1753
"5036",5036,"T","C",19.9,1571
"5037",5037,"G","G",NA,1012
"5038",5038,"G","T",32.7,1168
"5039",5039,"A","G",37.5,1650
"5040",5040,"T","G",1.9,1244
"5041",5041,"C","G",9.8,1034
"5042",5042,"C","C",NA,1353
"5043",5043,"A","T",15.6,1825
"5044",5044,"G","T",25,1115
"5045",5045,"T","A",27.9,1446
"5046",5046,"A","G",24.9,1036
"5047",5047,"G","C",7.2,1882
"5048",5048,"A","A",NA,1644
"5049",5049,"T","C",9.5,1714
"5050",5050,"C","T",18.4,1961
"5051",5051,"C","T",12.7,1760
"5052",5052,"T","T",NA,1892
"5053",5053,"A","G",30.6,1569
"5054",5054,"A","A",NA,1459
"5055",5055,"C","C",NA,1902
"5056",5056,"C","G",36.2,1220
"5057",5057,"T","A",17.8,1006
"5058",5058,"A","A",NA,1503
"5059",5059,"G","G",NA,1517
"5060",5060,"A","A",NA,1780
"5061",5061,"G","T",33.4,1874
"5062",5062,"C","A",18.5,1796
"5063",5063,"C","A",7,1457
"5064",5064,"C","C",NA,1106
"5065",5065,"T","C",38.9,1560
"5066",5066,"G","T",19,1322
"5067",5067,"G","A",29.9,1488
"5068",5068,"A","T",22.6,1443
"5069",5069,"A","T",23.7,1585
"5070",5070,"T","T",NA,1468
"5071",5071,"C","A",4.9,1307
"5072",5072,"A","C",37.8,1878
"5073",5073,"T","A",34.1,1528
"5074",5074,"C","A",9.4,1988
"5075",5075,"C","C",NA,1197
"5076",5076,"A","T",19.4,1316
"5077",5077,"G","T",5.9,1913
"5078",5078,"G","G",NA,1044
"5079",5079,"A","C",7.1,1959
"5080",5080,"A","T",13,1466
"5081",5081,"G","G",NA,1379
"5082",5082,"T","A",23,1317
"5083",5083,"C","G",24.4,1808
"5084",5084,"A","A",NA,1226
"5085",5085,"G","A",15.3,1990
"5086",5086,"C","T",16.1,1833
"5087",5087,"C","G",4.7,1084
"5088",5088,"T","G",23.7,1479
"5089",5089,"A","T",16.4,1165
"5090",5090,"G","T",9.9,1264
"5091",5091,"G","G",NA,1441
"5092",5092,"A","A",NA,1193
"5093",5093,"C","A",34.1,1467
"5094",5094,"T","G",8,1974
"5095",5095,"G","A",32.9,1853
"5096",5096,"C","A",24.1,1742
"5097",5097,"T","G",14.1,1593
"5098",5098,"T","T",NA,1225
"5099",5099,"G","C",9.5,1523
"5100",5100,"T","G",12.6,1538
"5101",5101,"A","C",26.8,1750
"5102",5102,"A","T",24.2,1360
"5103",5103,"C","G",38.5,1513
"5104",5104,"A","G",10.4,1613
"5105",5105,"A","G",37.7,1232
"5106",5106,"C","C",NA,1085
"5107",5107,"T","C",38.6,1930
"5108",5108,"G","C",8.4,1147
"5109",5109,"T","A",30.4,1765
"5110",5110,"T","T",NA,1761
"5111",5111,"A","C",26.8,1528
"5112",5112,"T","C",33.9,1544
"5113",5113,"T","A",39.3,1357
"5114",5114,"G","T",7.9,1258
"5115",5115,"T","A",38.9,1068
"5116",5116,"A","G",9.6,1319
"5117",5117,"A","C",35.5,1893
"5118",5118,"A","G",33,1160
"5119",5119,"A","T",33.4,1928
"5120",5120,"A","C",31.2,1191
"5121",5121,"G","C",10.9,1234
"5122",5122,"T","A",2.1,1717
"5123",5123,"G","C",25.7,1120
"5124",5124,"T","G",9.4,1201
"5125",5125,"T","C",22.4,1721
"5126",5126,"G","T",32.5,1504
"5127",5127,"C","G",7.8,1795
"5128",5128,"T","A",14.8,1569
"5129",5129,"T","A",1.5,1210
"5130",5130,"T","G",1.5,1824
"5131",5131,"C","G",33.5,1469
"5132",5132,"A","G",35.8,1997
"5133",5133,"T","G",26.4,1377
"5134",5134,"T","A",14.8,1236
"5135",5135,"G","A",3.4,1878
"5136",5136,"T","G",34,1002
"5137",5137,"C","G",33.3,1194
"5138",5138,"A","A",NA,1169
"5139",5139,"A","G",13.6,1716
"5140",5140,"G","C",10.1,1155
"5141",5141,"T","A",17.2,1000
"5142",5142,"G","A",7.9,1962
"5143",5143,"T","C",39.4,1425
"5144",5144,"G","C",25.6,1117
"5145",5145,"C","T",17.3,1388
"5146",5146,"T","A",23.7,1306
"5147",5147,"T","T",NA,1949
"5148",5148,"C","T",36.7,1027
"5149",5149,"A","G",1.1,1245
"5150",5150,"T","C",10,1991
"5151",5151,"A","T",24,1664
"5152",5152,"A","C",3.9,1744
"5153",5153,"A","A",NA,1756
"5154",5154,"G","A",38.3,1350
"5155",5155,"A","A",NA,1427
"5156",5156,"A","T",11,1800
"5157",5157,"A","C",22.3,1051
"5158",5158,"G","G",NA,1383
"5159",5159,"G","G",NA,1453
"5160",5160,"C","T",30.3,1007
"5161",5161,"T","T",NA,1036
"5162",5162,"T","G",4.5,1625
"5163",5163,"A","G",17.2,1794
"5164",5164,"G","C",6.6,1547
"5165",5165,"G","G",NA,1264
"5166",5166,"C","A",25,1830
"5167",5167,"A","G",33.6,1268
"5168",5168,"T","C",18.2,1047
"5169",5169,"C","A",28.7,1577
"5170",5170,"T","C",14.3,1867
"5171",5171,"C","G",5.1,1498
"5172",5172,"C","T",15.1,1993
"5173",5173,"T","G",10.2,1934
"5174",5174,"A","G",34.7,1854
"5175",5175,"T","A",27.5,1876
"5176",5176,"G","C",33.2,1155
"5177",5177,"G","C",21.2,1134
"5178",5178,"C","A",13.5,1869
"5179",5179,"A","G",33,1774
"5180",5180,"G","T",39.4,1475
"5181",5181,"G","A",19.2,1341
"5182",5182,"A","A",NA,1413
"5183",5183,"A","C",19.5,1949
"5184",5184,"G","C",32.6,1461
"5185",5185,"A","T",6.6,1193
"5186",5186,"A","T",18.6,1171
"5187",5187,"G","T",2.7,1408
"5188",5188,"C","A",1.4,1967
"5189",5189,"G","T",33.3,1291
"5190",5190,"G","C",21.7,1259
"5191",5191,"A","C",35.4,1839
"5192",5192,"G","G",NA,1234
"5193",5193,"A","A",NA,1053
"5194",5194,"C","G",9.2,1297
"5195",5195,"A","C",6.8,1785
"5196",5196,"G","T",18.1,1874
"5197",5197,"C","A",13,1798
"5198",5198,"G","C",28.9,1271
"5199",5199,"A","A",NA,1771
"5200",5200,"C","C",NA,1355
"5201",5201,"G","G",NA,1574
"5202",5202,"A","T",21.8,1867
"5203",5203,"A","T",7.8,1618
"5204",5204,"G","G",NA,1867
"5205",5205,"A","G",26.1,1970
"5206",5206,"C","A",2.3,1017
"5207",5207,"C","C",NA,1985
"5208",5208,"T","T",NA,1891
"5209",5209,"C","G",34.4,1669
"5210",5210,"C","A",1,1266
"5211",5211,"T","T",NA,1209
"5212",5212,"C","A",21.3,1817
"5213",5213,"A","G",34.5,1131
"5214",5214,"A","A",NA,1801
"5215",5215,"G","A",28.5,1154
"5216",5216,"G","A",2.7,1844
"5217",5217,"C","T",32.8,1514
"5218",5218,"G","A",30.3,1153
"5219",5219,"G","A",18,1585
"5220",5220,"T","T",NA,1967
"5221",5221,"C","G",17.7,1610
"5222",5222,"A","T",28.4,1917
"5223",5223,"G","G",NA,1059
"5224",5224,"G","C",3.8,1441
"5225",5225,"C","A",15.4,1348
"5226",5226,"T","T",NA,1627
"5227",5227,"C","C",NA,1919
"5228",5228,"A","T",10,1257
"5229",5229,"T","C",34.7,1619
"5230",5230,"C","A",20,1865
"5231",5231,"A","C",19.5,1392
"5232",5232,"A","C",9.3,1661
"5233",5233,"G","A",40,1756
"5234",5234,"A","G",39.8,1356
"5235",5235,"T","C",34,1033
"5236",5236,"C","T",31.2,1273
"5237",5237,"C","T",24.3,1547
"5238",5238,"T","G",26,1148
"5239",5239,"A","T",20.9,1204
"5240",5240,"T","G",38.4,1866
"5241",5241,"A","G",30,1540
"5242",5242,"C","A",1.3,1887
"5243",5243,"C","A",4,1531
"5244",5244,"A","G",37,1295
"5245",5245,"A","G",13.9,1967
"5246",5246,"A","G",18.2,1787
"5247",5247,"G","C",7.1,1646
"5248",5248,"C","A",7.6,1417
"5249",5249,"A","T",20.8,1829
"5250",5250,"G","G",NA,1006
"5251",5251,"T","T",NA,1090
"5252",5252,"G","C",12.8,1746
"5253",5253,"A","T",20.5,1017
"5254",5254,"G","C",33,1615
"5255",5255,"T","G",8.4,1779
"5256",5256,"A","G",35.8,1279
"5257",5257,"G","G",NA,1248
"5258",5258,"T","T",NA,1658
"5259",5259,"A","A",NA,1552
"5260",5260,"C","T",25.4,1636
"5261",5261,"A","G",33.9,1120
"5262",5262,"T","T",NA,1739
"5263",5263,"G","G",NA,1124
"5264",5264,"T","T",NA,1864
"5265",5265,"A","G",39.2,1365
"5266",5266,"A","A",NA,1849
"5267",5267,"T","A",18.5,1285
"5268",5268,"G","T",36.6,1361
"5269",5269,"A","A",NA,1865
"5270",5270,"C","A",33,1878
"5271",5271,"A","A",NA,1879
"5272",5272,"C","G",10.1,1189
"5273",5273,"C","G",27.7,1226
"5274",5274,"T","G",38.6,1675
"5275",5275,"C","T",27.6,1084
"5276",5276,"T","C",39.5,1792
"5277",5277,"A","T",11.7,1416
"5278",5278,"G","T",38.6,1205
"5279",5279,"T","A",37.6,1083
"5280",5280,"A","C",25.1,1496
"5281",5281,"A","A",NA,1537
"5282",5282,"T","C",8.1,1999
"5283",5283,"C","G",7.1,1134
"5284",5284,"T","G",32.2,1291
"5285",5285,"T","T",NA,1214
"5286",5286,"A","C",8.2,1922
"5287",5287,"G","C",14.9,1713
"5288",5288,"C","G",27.8,1951
"5289",5289,"A","T",31.9,1424
"5290",5290,"A","C",9.5,1613
"5291",5291,"T","T",NA,1148
"5292",5292,"A","G",19.6,1837
"5293",5293,"G","G",NA,1642
"5294",5294,"T","T",NA,1106
"5295",5295,"A","G",37.6,1249
"5296",5296,"G","G",NA,1802
"5297",5297,"C","G",2.2,1970
"5298",5298,"A","A",NA,1624
"5299",5299,"T","T",NA,1101
"5300",5300,"T","G",23.3,1558
"5301",5301,"A","A",NA,1587
"5302",5302,"G","G",NA,1032
"5303",5303,"T","C",38.6,1794
"5304",5304,"A","A",NA,1750
"5305",5305,"A","T",31.3,1784
"5306",5306,"T","C",15.6,1308
"5307",5307,"A","G",15.1,1653
"5308",5308,"G","G",NA,1332
"5309",5309,"C","G",30.5,1027
"5310",5310,"A","C",21.2,1372
"5311",5311,"C","G",39.7,1629
"5312",5312,"T","T",NA,1007
"5313",5313,"A","T",33.8,1232
"5314",5314,"A","A",NA,1662
"5315",5315,"T","C",28.4,1783
"5316",5316,"A","A",NA,1964
"5317",5317,"A","G",1.5,1655
"5318",5318,"T","C",35.9,1620
"5319",5319,"A","T",34.7,1573
"5320",5320,"G","T",39.2,1422
"5321",5321,"C","T",24.6,1025
"5322",5322,"A","C",31.9,1868
"5323",5323,"A","A",NA,1382
"5324",5324,"T","C",37.9,1659
"5325",5325,"A","T",15.3,1066
"5326",5326,"G","C",5.8,1614
"5327",5327,"T","G",23.5,1698
"5328",5328,"T","G",26.3,1584
"5329",5329,"G","C",13.1,1054
"5330",5330,"T","C",24.8,1377
"5331",5331,"G","T",23.1,1686
"5332",5332,"T","C",7.2,1449
"5333",5333,"G","A",20.7,1204
"5334",5334,"G","G",NA,1071
"5335",5335,"A","A",NA,1821
"5336",5336,"C","T",33.2,1867
"5337",5337,"T","C",38.5,1355
"5338",5338,"A","T",28.4,1259
"5339",5339,"T","T",NA,1889
"5340",5340,"A","C",21.6,1693
"5341",5341,"G","C",13.2,1760
"5342",5342,"T","T",NA,1948
"5343",5343,"A","G",4.5,1236
"5344",5344,"A","G",10.4,1597
"5345",5345,"T","T",NA,1943
"5346",5346,"C","T",29.9,1934
"5347",5347,"A","C",3,1516
"5348",5348,"T","A",5.5,1233
"5349",5349,"A","C",27.6,1260
"5350",5350,"G","T",33.6,1464
"5351",5351,"A","G",12.2,1343
"5352",5352,"G","A",21.5,1659
"5353",5353,"T","C",19,1511
"5354",5354,"G","A",30.5,1375
"5355",5355,"T","G",12.7,1074
"5356",5356,"A","C",16.6,1051
"5357",5357,"T","T",NA,1662
"5358",5358,"T","G",17.3,1772
"5359",5359,"A","G",11.8,1678
"5360",5360,"G","C",29.9,1567
"5361",5361,"A","G",39,1270
"5362",5362,"T","C",25.2,1006
"5363",5363,"T","A",3.8,1572
"5364",5364,"A","T",9.8,1636
"5365",5365,"A","A",NA,1091
"5366",5366,"G","A",24.4,1141
"5367",5367,"A","A",NA,1830
"5368",5368,"A","T",8.1,1116
"5369",5369,"A","T",17.5,1177
"5370",5370,"G","C",10.3,1511
"5371",5371,"C","G",33.2,1180
"5372",5372,"A","C",31.1,1276
"5373",5373,"A","A",NA,1417
"5374",5374,"A","T",27.1,1670
"5375",5375,"G","C",8.4,1375
"5376",5376,"A","G",39.4,1030
"5377",5377,"A","C",6.1,1386
"5378",5378,"A","G",13.9,1691
"5379",5379,"A","C",33.4,1672
"5380",5380,"A","G",36.7,1971
"5381",5381,"T","A",9.6,1589
"5382",5382,"A","A",NA,1200
"5383",5383,"G","C",11,1832
"5384",5384,"A","G",8,1703
"5385",5385,"C","T",4,1216
"5386",5386,"T","G",24,1126
"5387",5387,"G","A",15.8,1090
"5388",5388,"G","T",31.2,1248
"5389",5389,"T","G",18.7,1811
"5390",5390,"T","A",38.2,1604
"5391",5391,"A","G",1.1,1002
"5392",5392,"A","A",NA,1517
"5393",5393,"T","C",3.4,1485
"5394",5394,"T","G",4,1434
"5395",5395,"G","C",28.7,1235
"5396",5396,"A","C",14.2,1980
"5397",5397,"T","C",3.1,1118
"5398",5398,"A","T",1,1431
"5399",5399,"G","C",34.8,1784
"5400",5400,"A","C",4.8,1063
"5401",5401,"A","A",NA,1268
"5402",5402,"T","C",11,1899
"5403",5403,"A","C",4.4,1584
"5404",5404,"A","T",28.3,1955
"5405",5405,"G","G",NA,1572
"5406",5406,"A","A",NA,1232
"5407",5407,"G","G",NA,1661
"5408",5408,"A","C",11.4,1876
"5409",5409,"A","G",11.5,1539
"5410",5410,"A","G",37.7,1722
"5411",5411,"G","A",28.1,1648
"5412",5412,"A","T",27.3,1855
"5413",5413,"G","A",8.4,1132
"5414",5414,"C","G",22.7,1162
"5415",5415,"A","C",8.7,1858
"5416",5416,"G","T",25.8,1053
"5417",5417,"A","A",NA,1822
"5418",5418,"A","C",27.4,1062
"5419",5419,"G","C",13,1713
"5420",5420,"A","A",NA,1535
"5421",5421,"T","T",NA,1130
"5422",5422,"A","A",NA,1898
"5423",5423,"G","G",NA,1915
"5424",5424,"T","A",12.7,1144
"5425",5425,"G","C",12.7,1545
"5426",5426,"G","T",34.3,1727
"5427",5427,"C","T",16.6,1666
"5428",5428,"A","A",NA,1480
"5429",5429,"A","A",NA,1088
"5430",5430,"T","A",14.6,1780
"5431",5431,"G","T",1.2,1247
"5432",5432,"A","G",1.7,1519
"5433",5433,"A","C",38.3,1795
"5434",5434,"A","A",NA,1030
"5435",5435,"G","T",27.6,1345
"5436",5436,"T","C",13.7,1949
"5437",5437,"G","T",36.3,1599
"5438",5438,"A","G",16.5,1606
"5439",5439,"G","T",25.5,1718
"5440",5440,"G","T",24.1,1925
"5441",5441,"G","T",34.2,1872
"5442",5442,"A","C",14,1862
"5443",5443,"G","A",18.3,1432
"5444",5444,"A","T",34,1092
"5445",5445,"T","G",35.9,1900
"5446",5446,"A","G",20.2,1453
"5447",5447,"G","G",NA,1627
"5448",5448,"G","A",3.3,1130
"5449",5449,"G","T",30.5,1862
"5450",5450,"A","T",14.1,1565
"5451",5451,"G","A",6.9,1430
"5452",5452,"G","T",8.3,1390
"5453",5453,"A","G",25.9,1950
"5454",5454,"A","A",NA,1503
"5455",5455,"T","G",12,1200
"5456",5456,"T","T",NA,1414
"5457",5457,"A","C",16.9,1465
"5458",5458,"T","A",22.1,1507
"5459",5459,"C","T",29.6,1916
"5460",5460,"A","A",NA,1401
"5461",5461,"G","G",NA,1589
"5462",5462,"C","C",NA,1191
"5463",5463,"A","A",NA,1789
"5464",5464,"C","C",NA,1793
"5465",5465,"T","A",21.5,1207
"5466",5466,"T","G",5.1,1177
"5467",5467,"G","A",21.7,1801
"5468",5468,"T","C",35.7,1942
"5469",5469,"G","T",37.9,1815
"5470",5470,"G","T",9.4,1380
"5471",5471,"A","C",31.2,1670
"5472",5472,"T","C",33.3,1113
"5473",5473,"A","G",16.6,1265
"5474",5474,"T","A",14.9,1672
"5475",5475,"G","G",NA,1019
"5476",5476,"G","A",12,1363
"5477",5477,"G","A",20.6,1393
"5478",5478,"G","C",25.4,1283
"5479",5479,"C","A",8.5,1892
"5480",5480,"A","C",4.8,1134
"5481",5481,"C","C",NA,1550
"5482",5482,"G","A",38.1,1901
"5483",5483,"A","C",11.9,1163
"5484",5484,"T","C",6.8,1080
"5485",5485,"G","C",29.4,1598
"5486",5486,"C","A",5,1402
"5487",5487,"T","T",NA,1826
"5488",5488,"C","C",NA,1561
"5489",5489,"C","A",27.7,1567
"5490",5490,"T","A",24.1,1768
"5491",5491,"T","A",11.4,1945
"5492",5492,"G","G",NA,1155
"5493",5493,"G","A",39.4,1981
"5494",5494,"G","C",38.2,1615
"5495",5495,"A","C",29.4,1197
"5496",5496,"T","G",29.2,1179
"5497",5497,"A","T",2.7,1855
"5498",5498,"T","C",5.9,1320
"5499",5499,"T","G",14.9,1273
"5500",5500,"G","G",NA,1590
"5501",5501,"A","A",NA,1374
"5502",5502,"T","G",23.6,1834
"5503",5503,"G","T",19.2,1077
"5504",5504,"A","C",33.5,1968
"5505",5505,"C","A",25.4,1569
"5506",5506,"A","A",NA,1514
"5507",5507,"T","T",NA,1875
"5508",5508,"G","C",33.4,1904
"5509",5509,"T","T",NA,1263
"5510",5510,"A","C",1.3,1760
"5511",5511,"G","T",32.2,1982
"5512",5512,"T","G",37.6,1273
"5513",5513,"G","G",NA,1136
"5514",5514,"C","T",9.3,1832
"5515",5515,"T","G",35.5,1259
"5516",5516,"A","A",NA,1051
"5517",5517,"C","C",NA,1515
"5518",5518,"A","G",18.9,1586
"5519",5519,"G","C",25.6,1581
"5520",5520,"A","T",23.4,1765
"5521",5521,"A","G",28.5,1549
"5522",5522,"A","A",NA,1876
"5523",5523,"A","T",16.7,1141
"5524",5524,"C","G",8.4,1407
"5525",5525,"T","G",23.2,1172
"5526",5526,"T","C",34,1552
"5527",5527,"G","C",21.1,1154
"5528",5528,"T","T",NA,1337
"5529",5529,"G","C",19,1648
"5530",5530,"G","T",13.2,1972
"5531",5531,"G","T",19.4,1543
"5532",5532,"T","T",NA,1294
"5533",5533,"T","A",32.2,1742
"5534",5534,"A","C",21.4,1016
"5535",5535,"C","C",NA,1063
"5536",5536,"A","T",16.8,1604
"5537",5537,"G","G",NA,1785
"5538",5538,"T","A",27.8,1886
"5539",5539,"T","T",NA,1027
"5540",5540,"T","G",24.6,1395
"5541",5541,"A","A",NA,1460
"5542",5542,"T","A",27.2,1706
"5543",5543,"T","C",24.7,1840
"5544",5544,"A","G",6.7,1656
"5545",5545,"T","T",NA,1777
"5546",5546,"G","C",18.6,1712
"5547",5547,"G","A",11.1,1743
"5548",5548,"G","C",9.3,1103
"5549",5549,"G","C",19.4,1116
"5550",5550,"T","T",NA,1765
"5551",5551,"A","T",34.3,1011
"5552",5552,"C","T",23,1059
"5553",5553,"C","C",NA,1691
"5554",5554,"T","A",16,1768
"5555",5555,"G","T",22,1557
"5556",5556,"T","C",33.7,1449
"5557",5557,"G","C",34.2,1538
"5558",5558,"T","C",36.4,1371
"5559",5559,"G","A",14,1735
"5560",5560,"G","C",33.5,1620
"5561",5561,"A","C",25.9,1860
"5562",5562,"A","G",22.6,1268
"5563",5563,"A","G",18.4,1526
"5564",5564,"G","G",NA,1180
"5565",5565,"A","G",22.7,1622
"5566",5566,"A","T",33.4,1055
"5567",5567,"G","T",8.6,1509
"5568",5568,"C","T",10.8,1962
"5569",5569,"A","C",39.9,1284
"5570",5570,"A","G",16.4,1262
"5571",5571,"C","T",25,1329
"5572",5572,"T","T",NA,1623
"5573",5573,"A","A",NA,2000
"5574",5574,"C","G",26.5,1056
"5575",5575,"C","G",35,1052
"5576",5576,"A","C",15.1,1589
"5577",5577,"C","T",3.9,1572
"5578",5578,"T","G",16.1,1518
"5579",5579,"C","C",NA,1465
"5580",5580,"T","T",NA,1186
"5581",5581,"A","T",18.9,1576
"5582",5582,"T","A",31.9,2000
"5583",5583,"T","G",30.5,1627
"5584",5584,"T","G",31.9,1551
"5585",5585,"T","C",35.3,1315
"5586",5586,"G","C",35.3,1505
"5587",5587,"T","G",27.4,1408
"5588",5588,"G","A",15.5,1836
"5589",5589,"C","T",33.6,1484
"5590",5590,"A","A",NA,1046
"5591",5591,"T","C",17.7,1651
"5592",5592,"C","T",3.3,1714
"5593",5593,"A","A",NA,1127
"5594",5594,"G","T",30.7,1519
"5595",5595,"A","A",NA,1517
"5596",5596,"T","C",20.3,1074
"5597",5597,"G","A",5.5,1109
"5598",5598,"C","T",23.2,1991
"5599",5599,"T","T",NA,1151
"5600",5600,"A","T",14.3,1791
"5601",5601,"A","G",1.7,1875
"5602",5602,"A","A",NA,1740
"5603",5603,"T","A",7,1001
"5604",5604,"C","T",17.5,1462
"5605",5605,"A","A",NA,1833
"5606",5606,"T","G",8.9,1688
"5607",5607,"A","G",34.3,1982
"5608",5608,"T","C",15.5,1806
"5609",5609,"A","T",28.6,1972
"5610",5610,"A","A",NA,1994
"5611",5611,"A","C",36.7,1962
"5612",5612,"G","C",24.1,1761
"5613",5613,"C","A",3,1693
"5614",5614,"A","A",NA,1145
"5615",5615,"G","C",1.1,1590
"5616",5616,"A","A",NA,1977
"5617",5617,"A","G",13.4,1846
"5618",5618,"G","A",6.8,1842
"5619",5619,"C","C",NA,1998
"5620",5620,"A","C",6.6,1894
"5621",5621,"C","G",33.7,1294
"5622",5622,"A","G",26.4,1874
"5623",5623,"C","C",NA,1062
"5624",5624,"A","A",NA,1841
"5625",5625,"A","C",35,1561
"5626",5626,"T","C",16.7,1243
"5627",5627,"A","A",NA,1129
"5628",5628,"T","A",5.3,1937
"5629",5629,"C","C",NA,1856
"5630",5630,"T","G",34.5,1015
"5631",5631,"G","T",29.1,1002
"5632",5632,"G","G",NA,1015
"5633",5633,"G","G",NA,1499
"5634",5634,"C","T",13,1772
"5635",5635,"T","T",NA,1789
"5636",5636,"A","C",25.8,1867
"5637",5637,"C","T",34.8,1017
"5638",5638,"A","G",35.9,1878
"5639",5639,"C","G",17.8,1657
"5640",5640,"A","C",5.1,1033
"5641",5641,"T","C",13.9,1783
"5642",5642,"G","G",NA,1804
"5643",5643,"C","A",30.2,1350
"5644",5644,"C","A",17.2,1228
"5645",5645,"T","G",13.4,1984
"5646",5646,"G","T",3.3,1057
"5647",5647,"T","C",16.1,1752
"5648",5648,"G","T",31.5,1684
"5649",5649,"T","G",12.5,1533
"5650",5650,"A","G",16.6,1697
"5651",5651,"C","C",NA,1782
"5652",5652,"C","A",33.4,1026
"5653",5653,"A","T",30.2,1044
"5654",5654,"A","A",NA,1584
"5655",5655,"C","T",31.8,1015
"5656",5656,"A","C",37.4,1071
"5657",5657,"G","C",3,1841
"5658",5658,"A","G",6.2,1001
"5659",5659,"C","G",25.2,1166
"5660",5660,"C","T",2.7,1569
"5661",5661,"C","A",28.7,1419
"5662",5662,"C","A",8.6,1736
"5663",5663,"A","T",4.7,1647
"5664",5664,"A","A",NA,1334
"5665",5665,"C","T",31.8,1047
"5666",5666,"C","G",8.9,1382
"5667",5667,"C","C",NA,1937
"5668",5668,"A","C",30.5,1512
"5669",5669,"C","A",19.1,1834
"5670",5670,"A","C",30.9,1567
"5671",5671,"A","A",NA,1354
"5672",5672,"G","T",23.7,1609
"5673",5673,"A","C",3.4,1415
"5674",5674,"A","G",18.9,1844
"5675",5675,"A","T",36.8,1479
"5676",5676,"T","A",17.8,1716
"5677",5677,"A","G",15.1,1538
"5678",5678,"A","C",3.3,1871
"5679",5679,"A","C",25.7,1149
"5680",5680,"A","A",NA,1367
"5681",5681,"C","G",9.5,1303
"5682",5682,"T","T",NA,1517
"5683",5683,"A","C",18.4,1131
"5684",5684,"G","T",30.5,1448
"5685",5685,"A","G",31.3,1205
"5686",5686,"A","C",10.3,1295
"5687",5687,"A","C",36.2,1103
"5688",5688,"A","G",14.2,1484
"5689",5689,"T","A",13.1,1379
"5690",5690,"G","G",NA,1414
"5691",5691,"T","A",8,1286
"5692",5692,"C","T",10.2,1397
"5693",5693,"A","C",39.3,1232
"5694",5694,"C","T",11.4,1249
"5695",5695,"A","G",16.3,1005
"5696",5696,"G","T",17.8,1679
"5697",5697,"A","G",8.9,1705
"5698",5698,"A","C",10.7,1006
"5699",5699,"A","T",17.8,1020
"5700",5700,"A","A",NA,1353
"5701",5701,"C","G",7.5,1497
"5702",5702,"T","C",32.8,1370
"5703",5703,"T","A",11.1,1337
"5704",5704,"T","A",37.7,1039
"5705",5705,"A","G",7.4,1904
"5706",5706,"A","A",NA,1155
"5707",5707,"C","T",17.6,1308
"5708",5708,"A","A",NA,1283
"5709",5709,"T","C",3.6,1613
"5710",5710,"G","C",25.2,1236
"5711",5711,"T","A",11.4,1525
"5712",5712,"G","G",NA,1306
"5713",5713,"G","G",NA,1960
"5714",5714,"A","G",13.2,1377
"5715",5715,"A","C",8.5,1455
"5716",5716,"A","A",NA,1368
"5717",5717,"A","A",NA,1105
"5718",5718,"A","A",NA,1924
"5719",5719,"T","G",26.9,1395
"5720",5720,"A","C",2.6,1722
"5721",5721,"A","G",22.6,1789
"5722",5722,"C","C",NA,1164
"5723",5723,"A","C",22.5,1567
"5724",5724,"T","A",12.3,1632
"5725",5725,"G","T",7.6,1098
"5726",5726,"G","G",NA,1470
"5727",5727,"T","A",10.7,1385
"5728",5728,"G","T",12.6,1877
"5729",5729,"G","C",2.3,1242
"5730",5730,"A","T",11.2,1454
"5731",5731,"G","A",37,1296
"5732",5732,"C","T",34.8,1648
"5733",5733,"A","T",23.6,1200
"5734",5734,"A","C",39.6,1874
"5735",5735,"A","A",NA,1640
"5736",5736,"T","T",NA,1490
"5737",5737,"G","A",31.4,1505
"5738",5738,"C","G",9.5,1513
"5739",5739,"A","C",39.7,1145
"5740",5740,"T","C",27.9,1992
"5741",5741,"G","T",34,1401
"5742",5742,"A","C",7,1068
"5743",5743,"G","T",28.6,1881
"5744",5744,"G","T",17.8,1957
"5745",5745,"A","C",10.4,1977
"5746",5746,"T","C",18.2,1901
"5747",5747,"A","C",25.7,1477
"5748",5748,"T","T",NA,1535
"5749",5749,"A","C",35.5,1989
"5750",5750,"A","C",32.9,1371
"5751",5751,"T","G",12.9,1915
"5752",5752,"C","C",NA,1765
"5753",5753,"A","A",NA,1741
"5754",5754,"G","G",NA,1841
"5755",5755,"C","A",3.9,1964
"5756",5756,"T","A",16.9,1001
"5757",5757,"T","A",29.1,1502
"5758",5758,"A","C",29.8,1991
"5759",5759,"T","T",NA,1112
"5760",5760,"G","T",33.7,1935
"5761",5761,"G","T",18.1,1876
"5762",5762,"G","T",4.6,1586
"5763",5763,"A","A",NA,1655
"5764",5764,"T","T",NA,1342
"5765",5765,"C","C",NA,1191
"5766",5766,"A","C",37,1406
"5767",5767,"A","C",16.1,1107
"5768",5768,"A","T",2.8,1473
"5769",5769,"G","G",NA,1022
"5770",5770,"T","T",NA,1560
"5771",5771,"C","C",NA,1037
"5772",5772,"T","A",26.2,1903
"5773",5773,"A","C",28.7,1351
"5774",5774,"A","C",24.8,1752
"5775",5775,"A","G",7.8,1474
"5776",5776,"A","T",30.9,1883
"5777",5777,"C","T",29.7,1547
"5778",5778,"C","G",10.5,1786
"5779",5779,"A","A",NA,1405
"5780",5780,"T","G",9.4,1964
"5781",5781,"G","G",NA,1883
"5782",5782,"T","T",NA,1344
"5783",5783,"G","T",3.9,1807
"5784",5784,"T","G",15.1,1093
"5785",5785,"A","A",NA,1777
"5786",5786,"A","A",NA,1459
"5787",5787,"A","T",29.4,1568
"5788",5788,"A","A",NA,1456
"5789",5789,"T","A",9.2,1726
"5790",5790,"T","C",1.1,1176
"5791",5791,"A","A",NA,1541
"5792",5792,"A","C",9.2,1911
"5793",5793,"C","C",NA,1477
"5794",5794,"C","C",NA,1606
"5795",5795,"C","C",NA,1745
"5796",5796,"C","T",20.1,1760
"5797",5797,"A","C",14.3,1873
"5798",5798,"C","A",28.9,1101
"5799",5799,"T","C",37.1,1086
"5800",5800,"C","C",NA,1157
"5801",5801,"T","C",36.8,1022
"5802",5802,"G","G",NA,1180
"5803",5803,"T","A",14.5,1184
"5804",5804,"G","T",25.7,1627
"5805",5805,"T","A",10,1743
"5806",5806,"T","G",11.9,1214
"5807",5807,"A","C",10.6,1384
"5808",5808,"C","C",NA,1754
"5809",5809,"T","G",36.6,1358
"5810",5810,"C","G",1.1,1117
"5811",5811,"T","A",39,1720
"5812",5812,"A","T",10,1783
"5813",5813,"A","A",NA,1523
"5814",5814,"A","G",15.4,1329
"5815",5815,"C","A",32.3,1689
"5816",5816,"T","A",35.8,1608
"5817",5817,"G","G",NA,1196
"5818",5818,"T","T",NA,1750
"5819",5819,"G","T",29.1,1971
"5820",5820,"T","T",NA,1104
"5821",5821,"T","A",29.7,1245
"5822",5822,"A","G",13.7,1090
"5823",5823,"C","T",22.6,1922
"5824",5824,"C","G",38.9,1217
"5825",5825,"A","C",23.5,1290
"5826",5826,"A","C",27.2,1910
"5827",5827,"T","A",28.1,1494
"5828",5828,"G","G",NA,1257
"5829",5829,"T","C",3.8,1616
"5830",5830,"C","T",24.6,1078
"5831",5831,"A","A",NA,1443
"5832",5832,"C","G",33.9,1792
"5833",5833,"T","T",NA,1799
"5834",5834,"A","C",37.8,1946
"5835",5835,"A","T",19.9,1117
"5836",5836,"T","G",8.6,1425
"5837",5837,"A","G",32.3,1810
"5838",5838,"T","T",NA,1876
"5839",5839,"C","C",NA,1844
"5840",5840,"A","C",16.6,1503
"5841",5841,"C","T",19.5,1155
"5842",5842,"T","G",32.3,1577
"5843",5843,"G","A",4.6,1522
"5844",5844,"A","G",39.5,1681
"5845",5845,"G","A",17,1897
"5846",5846,"A","C",33.2,1087
"5847",5847,"T","T",NA,1311
"5848",5848,"A","A",NA,1925
"5849",5849,"G","A",8.9,1263
"5850",5850,"G","C",37.6,1845
"5851",5851,"G","A",33.5,1918
"5852",5852,"A","G",29.9,1126
"5853",5853,"T","G",3.8,1597
"5854",5854,"G","T",10,1185
"5855",5855,"A","T",24.9,1679
"5856",5856,"C","T",26.4,1418
"5857",5857,"A","G",7.6,1224
"5858",5858,"A","T",17,1893
"5859",5859,"A","A",NA,1314
"5860",5860,"C","G",22.4,1748
"5861",5861,"T","A",29.1,1807
"5862",5862,"G","A",31.3,1383
"5863",5863,"C","T",8,1934
"5864",5864,"A","T",22.8,1973
"5865",5865,"C","C",NA,1794
"5866",5866,"T","A",8.7,1627
"5867",5867,"T","T",NA,1363
"5868",5868,"T","G",20.8,1679
"5869",5869,"C","A",3,1147
"5870",5870,"A","A",NA,1616
"5871",5871,"A","G",9.1,1168
"5872",5872,"T","C",17.4,1363
"5873",5873,"G","G",NA,1751
"5874",5874,"T","G",37.6,1383
"5875",5875,"A","T",27,1821
"5876",5876,"A","T",37.9,1529
"5877",5877,"C","C",NA,1507
"5878",5878,"C","C",NA,1045
"5879",5879,"A","G",14.9,1805
"5880",5880,"C","C",NA,1673
"5881",5881,"T","C",28.9,1715
"5882",5882,"G","G",NA,1613
"5883",5883,"A","G",4.8,1732
"5884",5884,"A","A",NA,1592
"5885",5885,"T","T",NA,1876
"5886",5886,"T","T",NA,1295
"5887",5887,"A","T",2.9,1740
"5888",5888,"A","T",35.6,1386
"5889",5889,"A","G",33.7,1006
"5890",5890,"A","G",12.8,1219
"5891",5891,"G","T",31.8,1999
"5892",5892,"A","A",NA,1394
"5893",5893,"T","G",4,1670
"5894",5894,"A","C",7,1308
"5895",5895,"A","G",14.8,1683
"5896",5896,"G","A",6.8,1844
"5897",5897,"A","G",23.1,1259
"5898",5898,"A","C",16.8,1899
"5899",5899,"G","A",14,1345
"5900",5900,"A","T",28.6,1030
"5901",5901,"A","A",NA,1930
"5902",5902,"A","C",39.6,1332
"5903",5903,"C","T",2.5,1029
"5904",5904,"A","C",25.3,1243
"5905",5905,"A","C",37,1306
"5906",5906,"G","G",NA,1214
"5907",5907,"A","G",25.6,1473
"5908",5908,"A","A",NA,1506
"5909",5909,"T","G",23.2,1204
"5910",5910,"A","A",NA,1451
"5911",5911,"T","A",37,1766
"5912",5912,"G","A",10,1514
"5913",5913,"C","G",18.3,1437
"5914",5914,"A","C",16.2,1125
"5915",5915,"C","T",14.8,1082
"5916",5916,"T","A",35,1605
"5917",5917,"T","C",35.4,1364
"5918",5918,"T","G",39.4,1111
"5919",5919,"T","A",29.8,1830
"5920",5920,"T","G",28.7,1014
"5921",5921,"T","T",NA,1339
"5922",5922,"A","T",1.4,1787
"5923",5923,"T","G",27.2,1483
"5924",5924,"A","G",8.4,1542
"5925",5925,"A","G",17.3,1165
"5926",5926,"G","G",NA,1615
"5927",5927,"A","C",13.2,1684
"5928",5928,"C","A",10.9,1056
"5929",5929,"T","T",NA,1803
"5930",5930,"G","T",5.5,1612
"5931",5931,"A","C",19.6,1152
"5932",5932,"T","A",3.9,1809
"5933",5933,"G","A",10.7,1897
"5934",5934,"T","T",NA,1043
"5935",5935,"G","G",NA,1254
"5936",5936,"G","T",29.7,1507
"5937",5937,"T","T",NA,1737
"5938",5938,"A","G",32.1,1176
"5939",5939,"A","C",31.4,1051
"5940",5940,"A","A",NA,1752
"5941",5941,"A","T",26,1428
"5942",5942,"A","A",NA,1063
"5943",5943,"T","C",12.3,1797
"5944",5944,"A","G",28.4,1152
"5945",5945,"G","C",26.6,1646
"5946",5946,"A","C",31.4,1436
"5947",5947,"T","C",31.7,1464
"5948",5948,"G","G",NA,1619
"5949",5949,"G","T",26.7,1768
"5950",5950,"T","A",8.4,1616
"5951",5951,"A","C",24,1539
"5952",5952,"A","A",NA,1486
"5953",5953,"T","A",8,1072
"5954",5954,"A","A",NA,1151
"5955",5955,"A","C",26.7,1313
"5956",5956,"T","C",25.9,1820
"5957",5957,"A","T",16.1,1516
"5958",5958,"A","G",32.2,1024
"5959",5959,"T","T",NA,1584
"5960",5960,"A","C",23.8,1599
"5961",5961,"G","C",3.3,1074
"5962",5962,"C","T",17.1,1407
"5963",5963,"T","C",18.7,1227
"5964",5964,"A","C",25.5,1265
"5965",5965,"T","G",9.5,1086
"5966",5966,"A","A",NA,1133
"5967",5967,"G","A",32,1765
"5968",5968,"A","G",16.8,1857
"5969",5969,"T","A",19.3,1917
"5970",5970,"T","A",4.2,1598
"5971",5971,"A","C",32.3,1834
"5972",5972,"A","G",7.5,1171
"5973",5973,"T","G",37.1,1413
"5974",5974,"A","A",NA,1197
"5975",5975,"A","T",8.3,1110
"5976",5976,"A","A",NA,1334
"5977",5977,"C","T",5.1,1467
"5978",5978,"T","A",4.7,1314
"5979",5979,"G","T",1.4,1176
"5980",5980,"T","T",NA,1675
"5981",5981,"A","C",16.5,1385
"5982",5982,"A","T",12.9,1120
"5983",5983,"T","G",5.7,1551
"5984",5984,"A","C",5.1,1156
"5985",5985,"C","A",7.1,1973
"5986",5986,"C","A",39,1136
"5987",5987,"T","A",26.2,1160
"5988",5988,"C","C",NA,1176
"5989",5989,"A","C",28.3,1973
"5990",5990,"G","C",10,1466
"5991",5991,"C","T",20.8,1807
"5992",5992,"C","T",2.9,1661
"5993",5993,"A","T",6.4,1424
"5994",5994,"T","A",27.7,1622
"5995",5995,"T","A",20.3,1830
"5996",5996,"T","T",NA,1079
"5997",5997,"C","T",33.6,1799
"5998",5998,"A","A",NA,1592
"5999",5999,"C","G",8.8,1428
"6000",6000,"G","A",29.8,1967
"6001",6001,"G","A",37.1,1485
"6002",6002,"G","G",NA,1317
"6003",6003,"C","G",33.2,1961
"6004",6004,"G","A",8.3,1686
"6005",6005,"T","A",35.9,1950
"6006",6006,"G","C",37.4,1984
"6007",6007,"T","G",24.9,1315
"6008",6008,"C","G",24.6,1270
"6009",6009,"C","A",28.2,1191
"6010",6010,"A","C",5.9,1544
"6011",6011,"A","T",14.9,1133
"6012",6012,"A","T",35.7,1511
"6013",6013,"G","G",NA,1151
"6014",6014,"A","T",18.9,1223
"6015",6015,"T","A",4,1046
"6016",6016,"A","G",39.4,1607
"6017",6017,"A","A",NA,1050
"6018",6018,"C","T",26.8,1577
"6019",6019,"C","G",14.4,1336
"6020",6020,"T","G",15.6,1511
"6021",6021,"T","A",30.2,1327
"6022",6022,"T","A",9.9,1583
"6023",6023,"G","G",NA,1063
"6024",6024,"A","C",15.6,1050
"6025",6025,"G","T",31.5,1246
"6026",6026,"C","A",22.8,1489
"6027",6027,"C","T",20.9,1741
"6028",6028,"A","C",34.4,1987
"6029",6029,"A","G",16.7,1492
"6030",6030,"T","T",NA,1751
"6031",6031,"T","C",36.6,1627
"6032",6032,"C","C",NA,1703
"6033",6033,"C","T",32.4,1320
"6034",6034,"C","A",1.4,1673
"6035",6035,"A","T",10.8,1102
"6036",6036,"T","A",3.9,1850
"6037",6037,"A","T",33.5,1193
"6038",6038,"C","T",8,1911
"6039",6039,"A","C",7.2,1347
"6040",6040,"T","A",18.2,1031
"6041",6041,"T","A",35.2,1016
"6042",6042,"A","C",14.1,1782
"6043",6043,"T","C",7.7,1612
"6044",6044,"T","T",NA,1387
"6045",6045,"G","C",9.3,1455
"6046",6046,"T","G",3.6,1275
"6047",6047,"G","G",NA,1778
"6048",6048,"C","C",NA,1404
"6049",6049,"C","T",21.3,1497
"6050",6050,"C","C",NA,1694
"6051",6051,"C","T",33.5,1861
"6052",6052,"A","A",NA,1700
"6053",6053,"G","G",NA,1210
"6054",6054,"C","G",20,1364
"6055",6055,"T","C",20.1,1487
"6056",6056,"G","A",5.3,1635
"6057",6057,"G","A",27.8,1477
"6058",6058,"A","C",27.4,1400
"6059",6059,"T","T",NA,1831
"6060",6060,"T","A",39.7,1433
"6061",6061,"T","G",26.3,1481
"6062",6062,"G","A",29.3,1725
"6063",6063,"C","T",37.6,1440
"6064",6064,"G","A",29.2,1806
"6065",6065,"A","G",20.3,1469
"6066",6066,"T","A",12.2,1439
"6067",6067,"T","T",NA,2000
"6068",6068,"C","A",23.4,1529
"6069",6069,"T","C",38.1,1226
"6070",6070,"A","C",2.6,1675
"6071",6071,"A","C",8.2,1829
"6072",6072,"A","T",7,1132
"6073",6073,"A","G",3.5,1527
"6074",6074,"T","T",NA,1562
"6075",6075,"G","G",NA,1649
"6076",6076,"T","G",27.1,1549
"6077",6077,"A","G",21.4,1448
"6078",6078,"A","G",16.9,1385
"6079",6079,"T","T",NA,1285
"6080",6080,"G","C",2,1066
"6081",6081,"A","C",21.4,1235
"6082",6082,"T","C",33.5,1618
"6083",6083,"A","A",NA,1382
"6084",6084,"A","C",20.8,1717
"6085",6085,"T","A",11.8,1903
"6086",6086,"G","T",2.8,1432
"6087",6087,"A","T",5.3,1311
"6088",6088,"G","C",12.3,1644
"6089",6089,"T","T",NA,1632
"6090",6090,"T","T",NA,1219
"6091",6091,"C","T",36.5,1475
"6092",6092,"A","A",NA,1767
"6093",6093,"A","A",NA,1666
"6094",6094,"T","T",NA,1422
"6095",6095,"G","T",15.8,1356
"6096",6096,"G","C",30.4,1200
"6097",6097,"G","T",7.4,1841
"6098",6098,"A","A",NA,1923
"6099",6099,"C","G",7.5,1411
"6100",6100,"G","G",NA,1670
"6101",6101,"G","C",24.1,1529
"6102",6102,"G","G",NA,1320
"6103",6103,"C","C",NA,1993
"6104",6104,"C","A",26.3,1062
"6105",6105,"C","A",27.9,1759
"6106",6106,"A","T",38.3,1061
"6107",6107,"T","G",32.4,1096
"6108",6108,"G","C",24.5,1236
"6109",6109,"C","C",NA,1553
"6110",6110,"A","C",7.8,1069
"6111",6111,"A","G",19.1,1143
"6112",6112,"A","G",12,1507
"6113",6113,"A","T",3,1498
"6114",6114,"A","G",12.8,1043
"6115",6115,"T","C",13,1043
"6116",6116,"G","G",NA,1497
"6117",6117,"T","G",27.4,1858
"6118",6118,"C","T",7.5,1738
"6119",6119,"A","C",20.4,1313
"6120",6120,"G","C",24.7,1727
"6121",6121,"C","T",27.3,1335
"6122",6122,"A","T",16.1,1072
"6123",6123,"C","G",2.3,1005
"6124",6124,"A","A",NA,1650
"6125",6125,"G","A",24.9,1608
"6126",6126,"T","G",30.8,1222
"6127",6127,"A","G",21.2,1500
"6128",6128,"C","C",NA,1338
"6129",6129,"A","G",17.5,1824
"6130",6130,"A","A",NA,1364
"6131",6131,"T","A",37.8,1671
"6132",6132,"G","G",NA,1359
"6133",6133,"T","G",33.4,1802
"6134",6134,"A","A",NA,1490
"6135",6135,"C","T",29.7,1239
"6136",6136,"A","G",19.9,1503
"6137",6137,"C","T",2.5,1088
"6138",6138,"A","G",6.2,1699
"6139",6139,"T","C",13.7,1544
"6140",6140,"G","C",13,1408
"6141",6141,"G","C",5.9,1848
"6142",6142,"G","A",36.4,1772
"6143",6143,"A","C",32.1,1543
"6144",6144,"T","A",34,1072
"6145",6145,"T","T",NA,1128
"6146",6146,"A","G",36.5,1476
"6147",6147,"G","T",26.2,1352
"6148",6148,"G","T",3.3,1451
"6149",6149,"C","T",8.3,1235
"6150",6150,"C","G",28.4,1246
"6151",6151,"A","C",29.6,1176
"6152",6152,"G","T",2,1793
"6153",6153,"T","A",13.4,1072
"6154",6154,"A","T",27.6,2000
"6155",6155,"G","T",35.4,1045
"6156",6156,"T","T",NA,1507
"6157",6157,"G","C",10.8,1972
"6158",6158,"T","G",2.7,1031
"6159",6159,"C","T",26.6,1139
"6160",6160,"A","T",39.4,1945
"6161",6161,"A","G",29,1164
"6162",6162,"C","T",16.8,1993
"6163",6163,"T","T",NA,1843
"6164",6164,"C","A",6.8,1944
"6165",6165,"A","C",25,1238
"6166",6166,"A","A",NA,1341
"6167",6167,"T","G",24.7,1688
"6168",6168,"T","C",7.1,1444
"6169",6169,"G","C",35.4,1318
"6170",6170,"T","G",6,1254
"6171",6171,"T","G",5.9,1123
"6172",6172,"G","C",26.8,1426
"6173",6173,"T","T",NA,1834
"6174",6174,"T","C",1.2,1703
"6175",6175,"G","G",NA,1165
"6176",6176,"A","A",NA,1652
"6177",6177,"A","G",37.9,1051
"6178",6178,"T","A",6.6,1057
"6179",6179,"G","T",34.7,1655
"6180",6180,"G","T",20.5,1954
"6181",6181,"A","G",33.1,1058
"6182",6182,"A","C",26.5,1810
"6183",6183,"G","A",17.4,1038
"6184",6184,"T","C",4.9,1870
"6185",6185,"C","T",33.2,1815
"6186",6186,"T","A",18.4,1821
"6187",6187,"A","T",32.4,1979
"6188",6188,"G","G",NA,1011
"6189",6189,"C","A",24.3,1394
"6190",6190,"A","G",38.4,1904
"6191",6191,"G","T",28.4,1133
"6192",6192,"A","G",24.4,1005
"6193",6193,"A","T",32.3,1640
"6194",6194,"G","T",10.7,1269
"6195",6195,"G","A",7.7,1167
"6196",6196,"A","A",NA,1680
"6197",6197,"A","C",31.8,1284
"6198",6198,"A","T",11.7,1819
"6199",6199,"G","C",4,1479
"6200",6200,"G","G",NA,1125
"6201",6201,"T","A",27.5,1483
"6202",6202,"A","G",17.7,1366
"6203",6203,"A","C",37.3,1966
"6204",6204,"T","C",8.4,1246
"6205",6205,"A","G",25.8,1711
"6206",6206,"A","C",31.4,1031
"6207",6207,"T","A",1.2,1874
"6208",6208,"C","G",3.4,1105
"6209",6209,"A","A",NA,1125
"6210",6210,"G","G",NA,1741
"6211",6211,"A","C",13.5,1508
"6212",6212,"T","C",27.9,1561
"6213",6213,"C","G",1.8,1731
"6214",6214,"T","C",35.4,1950
"6215",6215,"G","G",NA,1791
"6216",6216,"A","G",37.3,1977
"6217",6217,"A","A",NA,1730
"6218",6218,"A","T",3.3,1408
"6219",6219,"A","T",26.7,1438
"6220",6220,"T","G",27.9,1561
"6221",6221,"A","T",37.6,1738
"6222",6222,"T","C",4.9,1162
"6223",6223,"C","T",17.9,1665
"6224",6224,"A","C",4.2,1316
"6225",6225,"C","T",8.5,1224
"6226",6226,"A","G",3.3,1029
"6227",6227,"A","C",5.4,1833
"6228",6228,"A","T",17.1,1509
"6229",6229,"C","C",NA,1275
"6230",6230,"A","T",5.8,1443
"6231",6231,"A","T",38.3,1446
"6232",6232,"T","G",32.1,1894
"6233",6233,"G","A",30.2,1896
"6234",6234,"C","T",27.8,1261
"6235",6235,"T","G",29.9,1179
"6236",6236,"A","G",29.3,1902
"6237",6237,"A","C",31.8,1121
"6238",6238,"A","A",NA,1984
"6239",6239,"A","C",34,1077
"6240",6240,"A","T",3.9,1673
"6241",6241,"C","T",20.6,1353
"6242",6242,"A","C",33.8,1331
"6243",6243,"T","A",27.9,1907
"6244",6244,"A","G",14.8,1974
"6245",6245,"A","A",NA,1949
"6246",6246,"T","G",18.2,1565
"6247",6247,"A","G",31.4,1470
"6248",6248,"G","C",16.6,1475
"6249",6249,"T","A",1,1085
"6250",6250,"A","C",29.5,1330
"6251",6251,"C","G",11.6,1372
"6252",6252,"A","A",NA,1659
"6253",6253,"A","T",32.1,1478
"6254",6254,"C","A",33.6,1682
"6255",6255,"T","G",3.5,1862
"6256",6256,"T","C",7.4,1518
"6257",6257,"G","C",36.1,1523
"6258",6258,"A","T",38,1340
"6259",6259,"C","G",17.2,1820
"6260",6260,"A","G",7.5,1342
"6261",6261,"A","G",3.8,1211
"6262",6262,"A","T",23.6,1861
"6263",6263,"C","C",NA,1108
"6264",6264,"C","T",33.7,1757
"6265",6265,"T","A",37.1,1629
"6266",6266,"G","A",32.2,1843
"6267",6267,"T","T",NA,1196
"6268",6268,"A","A",NA,1113
"6269",6269,"A","A",NA,1771
"6270",6270,"A","C",37.7,1274
"6271",6271,"A","C",21.3,1713
"6272",6272,"A","A",NA,1886
"6273",6273,"T","A",2.1,1597
"6274",6274,"T","G",37.8,1834
"6275",6275,"A","A",NA,1723
"6276",6276,"A","G",10.5,1611
"6277",6277,"T","A",10.5,1681
"6278",6278,"T","G",13.2,1578
"6279",6279,"G","A",8.7,1859
"6280",6280,"T","T",NA,1597
"6281",6281,"A","T",8,1252
"6282",6282,"C","C",NA,1104
"6283",6283,"T","T",NA,1501
"6284",6284,"A","T",17.9,1955
"6285",6285,"G","A",13.9,1436
"6286",6286,"A","T",19.8,1710
"6287",6287,"C","C",NA,1287
"6288",6288,"C","A",37.4,1283
"6289",6289,"T","A",10.5,1668
"6290",6290,"A","T",34.8,1997
"6291",6291,"A","T",24.7,1974
"6292",6292,"C","C",NA,1309
"6293",6293,"A","C",31.8,1450
"6294",6294,"A","G",17.4,1940
"6295",6295,"T","T",NA,1364
"6296",6296,"A","T",28.8,1486
"6297",6297,"A","G",6.8,1958
"6298",6298,"T","G",28.4,1003
"6299",6299,"A","C",20.7,1177
"6300",6300,"C","T",14.2,1816
"6301",6301,"A","A",NA,1814
"6302",6302,"A","A",NA,1831
"6303",6303,"G","A",25.4,1634
"6304",6304,"A","G",14.7,1741
"6305",6305,"A","T",30.8,1515
"6306",6306,"A","G",25.8,1568
"6307",6307,"A","G",1,1606
"6308",6308,"G","G",NA,1148
"6309",6309,"G","G",NA,1239
"6310",6310,"T","A",22.6,1189
"6311",6311,"G","T",2.6,1688
"6312",6312,"T","A",14,1461
"6313",6313,"A","A",NA,1847
"6314",6314,"C","A",20.4,1356
"6315",6315,"A","T",37.1,1516
"6316",6316,"T","G",30.2,1405
"6317",6317,"A","A",NA,1191
"6318",6318,"T","A",20.6,1054
"6319",6319,"A","T",12.8,1038
"6320",6320,"G","G",NA,1104
"6321",6321,"G","C",7.1,1700
"6322",6322,"A","T",25.8,1941
"6323",6323,"C","C",NA,1854
"6324",6324,"C","C",NA,1925
"6325",6325,"A","T",7.1,1899
"6326",6326,"G","T",25.1,1971
"6327",6327,"G","A",11.5,1122
"6328",6328,"A","G",10.4,1203
"6329",6329,"C","C",NA,1474
"6330",6330,"A","C",36.2,1760
"6331",6331,"A","A",NA,1812
"6332",6332,"G","T",32.1,1111
"6333",6333,"C","T",5.4,1692
"6334",6334,"A","C",8.1,1807
"6335",6335,"T","A",28.2,1320
"6336",6336,"T","G",11.2,1307
"6337",6337,"C","G",20.7,1138
"6338",6338,"T","G",27,1657
"6339",6339,"A","G",13.4,1212
"6340",6340,"T","G",7.7,1929
"6341",6341,"G","G",NA,1904
"6342",6342,"C","T",4.3,1577
"6343",6343,"A","T",38.6,1107
"6344",6344,"A","G",28,1781
"6345",6345,"C","T",39.6,1494
"6346",6346,"A","C",9.8,1921
"6347",6347,"G","C",35.1,1037
"6348",6348,"G","T",9.8,1211
"6349",6349,"A","G",36,1335
"6350",6350,"G","A",38.4,1667
"6351",6351,"A","A",NA,1993
"6352",6352,"C","G",15,1588
"6353",6353,"A","T",36.9,1030
"6354",6354,"T","A",31.4,1141
"6355",6355,"A","G",24.8,1306
"6356",6356,"A","A",NA,1770
"6357",6357,"T","A",16.6,1789
"6358",6358,"A","C",30.8,1448
"6359",6359,"G","G",NA,1683
"6360",6360,"G","G",NA,1686
"6361",6361,"G","C",13.1,1779
"6362",6362,"G","A",28.9,1707
"6363",6363,"A","A",NA,1019
"6364",6364,"T","A",20.5,1129
"6365",6365,"A","C",9,1783
"6366",6366,"T","C",28.2,1527
"6367",6367,"A","T",5.6,1260
"6368",6368,"A","T",19.3,1693
"6369",6369,"G","A",11.7,1981
"6370",6370,"A","G",22.8,1690
"6371",6371,"C","C",NA,1606
"6372",6372,"A","C",28.1,1872
"6373",6373,"A","C",38.4,1972
"6374",6374,"G","G",NA,1823
"6375",6375,"C","A",19.7,1068
"6376",6376,"T","A",5.8,1634
"6377",6377,"C","A",29.7,1170
"6378",6378,"A","C",24.6,1699
"6379",6379,"T","C",11.7,1340
"6380",6380,"T","C",22.4,1356
"6381",6381,"G","T",30.1,1578
"6382",6382,"T","G",6.2,1643
"6383",6383,"A","T",14,1307
"6384",6384,"A","G",30.3,1974
"6385",6385,"T","C",15.5,1257
"6386",6386,"G","G",NA,1148
"6387",6387,"T","G",5.6,1614
"6388",6388,"C","G",36.6,1797
"6389",6389,"A","T",11.1,1745
"6390",6390,"G","A",29.8,1668
"6391",6391,"T","A",38,1306
"6392",6392,"A","G",17.9,1977
"6393",6393,"A","A",NA,1940
"6394",6394,"A","C",2.3,1434
"6395",6395,"T","A",35.2,1532
"6396",6396,"C","G",20.3,1882
"6397",6397,"A","G",26.7,1336
"6398",6398,"G","G",NA,1657
"6399",6399,"A","T",31.7,1054
"6400",6400,"A","T",10.5,1611
"6401",6401,"T","T",NA,1150
"6402",6402,"G","G",NA,1071
"6403",6403,"G","G",NA,1208
"6404",6404,"A","G",9.7,1207
"6405",6405,"A","G",30.2,1243
"6406",6406,"T","C",39,1000
"6407",6407,"G","T",18.5,1509
"6408",6408,"A","G",13.6,1141
"6409",6409,"A","A",NA,1200
"6410",6410,"G","C",2.1,1184
"6411",6411,"C","A",33.2,1810
"6412",6412,"T","C",6.7,1915
"6413",6413,"T","T",NA,1514
"6414",6414,"T","C",8.6,1214
"6415",6415,"G","A",16.8,1918
"6416",6416,"A","A",NA,1672
"6417",6417,"A","C",3.6,1559
"6418",6418,"A","A",NA,1093
"6419",6419,"A","T",29,1450
"6420",6420,"A","C",17.3,1705
"6421",6421,"G","A",30.4,1886
"6422",6422,"G","G",NA,1804
"6423",6423,"T","T",NA,1251
"6424",6424,"A","A",NA,1332
"6425",6425,"G","G",NA,1788
"6426",6426,"C","C",NA,1681
"6427",6427,"T","G",29.6,1198
"6428",6428,"A","A",NA,1711
"6429",6429,"A","C",30.3,1308
"6430",6430,"C","G",17.7,1005
"6431",6431,"C","T",15.5,1341
"6432",6432,"A","G",18.9,1845
"6433",6433,"A","G",33.3,1928
"6434",6434,"T","A",8.4,1113
"6435",6435,"T","C",29.3,1904
"6436",6436,"A","A",NA,1843
"6437",6437,"A","T",39,1722
"6438",6438,"G","G",NA,1120
"6439",6439,"A","G",34,1406
"6440",6440,"A","G",11.2,1157
"6441",6441,"C","G",20,1936
"6442",6442,"A","A",NA,1928
"6443",6443,"T","C",32.1,1700
"6444",6444,"A","A",NA,1383
"6445",6445,"C","T",39.6,1298
"6446",6446,"T","G",6.4,1306
"6447",6447,"T","G",5.4,1509
"6448",6448,"T","A",39.3,1922
"6449",6449,"A","G",19.8,1278
"6450",6450,"A","T",14.8,1719
"6451",6451,"G","C",33.1,1682
"6452",6452,"A","G",27.7,1984
"6453",6453,"A","C",5.6,1791
"6454",6454,"C","T",25,1328
"6455",6455,"A","C",16.1,1520
"6456",6456,"A","C",1.5,1960
"6457",6457,"C","T",28.5,1843
"6458",6458,"A","G",17,1852
"6459",6459,"C","T",6.3,1649
"6460",6460,"A","A",NA,1128
"6461",6461,"A","G",38.5,1373
"6462",6462,"A","G",23.2,1750
"6463",6463,"A","A",NA,1973
"6464",6464,"A","G",4.6,1283
"6465",6465,"T","G",30.6,1148
"6466",6466,"A","T",23.7,1056
"6467",6467,"A","T",26.2,1586
"6468",6468,"T","C",20.6,1785
"6469",6469,"C","T",8.1,1995
"6470",6470,"T","G",26,1883
"6471",6471,"T","G",38.2,1241
"6472",6472,"T","G",32.3,1309
"6473",6473,"A","T",28.5,1271
"6474",6474,"A","T",22.5,1149
"6475",6475,"T","G",11.6,1763
"6476",6476,"A","A",NA,1776
"6477",6477,"G","T",20.6,1655
"6478",6478,"C","G",38.7,1311
"6479",6479,"T","C",5.6,1482
"6480",6480,"C","T",12.4,1877
"6481",6481,"C","C",NA,1695
"6482",6482,"T","C",38.9,1976
"6483",6483,"C","A",17,1698
"6484",6484,"A","T",32.9,1542
"6485",6485,"G","A",8.5,1904
"6486",6486,"G","A",34.5,1788
"6487",6487,"A","C",11.4,1035
"6488",6488,"G","C",4.7,1272
"6489",6489,"G","C",37.8,1528
"6490",6490,"G","G",NA,1082
"6491",6491,"G","A",11.5,1662
"6492",6492,"A","C",37,1527
"6493",6493,"T","T",NA,1576
"6494",6494,"C","G",37.1,1801
"6495",6495,"T","A",27.8,1286
"6496",6496,"A","G",33.7,1634
"6497",6497,"G","A",32.9,1634
"6498",6498,"A","C",8.7,1130
"6499",6499,"A","T",15.5,1607
"6500",6500,"A","T",17.1,1286
"6501",6501,"T","A",27.9,1784
"6502",6502,"A","A",NA,1966
"6503",6503,"A","G",28.7,1589
"6504",6504,"C","C",NA,1164
"6505",6505,"A","T",6.7,1219
"6506",6506,"A","C",16.1,1060
"6507",6507,"C","C",NA,1832
"6508",6508,"A","C",26.3,1707
"6509",6509,"C","G",7.9,1053
"6510",6510,"A","G",4.8,1824
"6511",6511,"C","G",26.5,1160
"6512",6512,"A","A",NA,1540
"6513",6513,"G","G",NA,1647
"6514",6514,"T","A",36.7,1464
"6515",6515,"T","C",25.1,1475
"6516",6516,"T","C",3.5,1577
"6517",6517,"T","G",36.9,1388
"6518",6518,"A","C",24.2,1896
"6519",6519,"A","C",7.3,1316
"6520",6520,"T","G",24.2,1935
"6521",6521,"T","A",2.9,1809
"6522",6522,"G","G",NA,1121
"6523",6523,"T","G",1.4,1745
"6524",6524,"G","G",NA,1599
"6525",6525,"G","C",38.4,1426
"6526",6526,"A","T",3.1,1744
"6527",6527,"G","G",NA,1820
"6528",6528,"G","T",32.8,1641
"6529",6529,"A","G",10.6,1184
"6530",6530,"G","C",5.7,1499
"6531",6531,"A","C",2.2,1049
"6532",6532,"A","T",34.1,1135
"6533",6533,"T","A",29.4,1021
"6534",6534,"T","T",NA,1167
"6535",6535,"T","G",9.9,1224
"6536",6536,"T","C",34.1,1466
"6537",6537,"T","C",9.3,1449
"6538",6538,"C","A",10,1802
"6539",6539,"T","G",30,1456
"6540",6540,"A","A",NA,1437
"6541",6541,"T","G",10.9,1297
"6542",6542,"T","T",NA,1122
"6543",6543,"G","C",4.4,1371
"6544",6544,"T","C",17.5,1745
"6545",6545,"A","G",35,1878
"6546",6546,"A","C",37.8,1618
"6547",6547,"C","C",NA,1539
"6548",6548,"A","A",NA,1254
"6549",6549,"C","T",18.5,1703
"6550",6550,"A","G",16,1026
"6551",6551,"A","A",NA,1016
"6552",6552,"C","A",25.2,1357
"6553",6553,"A","T",7.2,1238
"6554",6554,"G","T",22,1684
"6555",6555,"G","T",37.8,1132
"6556",6556,"C","G",35.4,1459
"6557",6557,"C","G",18.5,1084
"6558",6558,"T","T",NA,1857
"6559",6559,"G","T",23.3,1532
"6560",6560,"T","G",26.2,1775
"6561",6561,"T","A",25.5,1993
"6562",6562,"T","C",16.7,1444
"6563",6563,"A","G",19.2,1154
"6564",6564,"A","G",2.8,1838
"6565",6565,"T","G",5.2,1696
"6566",6566,"A","T",29.6,1669
"6567",6567,"G","T",30.1,1561
"6568",6568,"T","T",NA,1239
"6569",6569,"A","G",18.8,1121
"6570",6570,"C","A",22.7,1040
"6571",6571,"T","C",20.2,1804
"6572",6572,"T","A",30.5,1055
"6573",6573,"G","C",30,1518
"6574",6574,"G","T",32.2,1990
"6575",6575,"G","G",NA,1260
"6576",6576,"A","T",21.4,1687
"6577",6577,"G","C",33.1,1444
"6578",6578,"A","G",23.1,1043
"6579",6579,"A","C",25.1,1169
"6580",6580,"C","T",18.1,1685
"6581",6581,"A","G",24.9,1132
"6582",6582,"A","T",32.5,1319
"6583",6583,"T","C",38.1,1026
"6584",6584,"A","T",2.3,1098
"6585",6585,"A","A",NA,1394
"6586",6586,"T","A",31.3,1822
"6587",6587,"A","G",26.2,1376
"6588",6588,"C","A",28.1,1525
"6589",6589,"T","G",3.1,1980
"6590",6590,"G","G",NA,1310
"6591",6591,"A","A",NA,1328
"6592",6592,"C","G",7.7,1262
"6593",6593,"A","G",38,1417
"6594",6594,"T","C",39.4,1384
"6595",6595,"G","C",37.7,1552
"6596",6596,"A","T",3.2,1558
"6597",6597,"G","C",26,1254
"6598",6598,"C","G",5,1389
"6599",6599,"A","G",16,1144
"6600",6600,"C","T",15.2,1165
"6601",6601,"C","T",35.6,1004
"6602",6602,"C","T",2.9,1694
"6603",6603,"A","G",5.7,1962
"6604",6604,"G","C",1.8,1051
"6605",6605,"T","T",NA,1271
"6606",6606,"C","G",5,1346
"6607",6607,"A","G",8.1,1895
"6608",6608,"G","A",16.4,1172
"6609",6609,"A","T",16.7,1153
"6610",6610,"C","A",38.4,1003
"6611",6611,"A","C",9.9,1794
"6612",6612,"A","T",30.3,1822
"6613",6613,"C","G",19.4,1502
"6614",6614,"A","G",3.7,1663
"6615",6615,"A","C",20.1,1556
"6616",6616,"T","A",20.3,1504
"6617",6617,"T","A",38.1,1952
"6618",6618,"C","G",17.4,1669
"6619",6619,"A","A",NA,1371
"6620",6620,"A","T",17.6,1636
"6621",6621,"T","T",NA,1800
"6622",6622,"T","A",12.1,1290
"6623",6623,"G","A",28,1270
"6624",6624,"T","A",28.3,1671
"6625",6625,"T","C",17.8,1266
"6626",6626,"A","G",11.9,1967
"6627",6627,"C","T",30.5,1139
"6628",6628,"T","G",1.1,1276
"6629",6629,"T","T",NA,1481
"6630",6630,"T","T",NA,1222
"6631",6631,"T","T",NA,1900
"6632",6632,"C","C",NA,1538
"6633",6633,"A","C",37.3,1682
"6634",6634,"A","G",30,1351
"6635",6635,"T","A",33.6,1891
"6636",6636,"G","G",NA,1356
"6637",6637,"C","A",30.1,1692
"6638",6638,"A","G",31.3,1561
"6639",6639,"G","C",32.5,1889
"6640",6640,"A","T",17.3,1633
"6641",6641,"A","C",11.1,1872
"6642",6642,"T","A",19,1358
"6643",6643,"A","C",21.4,1772
"6644",6644,"A","A",NA,1178
"6645",6645,"A","A",NA,1291
"6646",6646,"G","A",18,1620
"6647",6647,"C","G",13.2,1026
"6648",6648,"A","C",16.6,1413
"6649",6649,"A","G",30.7,1429
"6650",6650,"A","G",8.1,1453
"6651",6651,"T","G",20.3,1276
"6652",6652,"T","A",38.9,1627
"6653",6653,"A","C",3.5,1065
"6654",6654,"T","G",28.9,1250
"6655",6655,"A","C",19.9,1200
"6656",6656,"A","T",34.2,1454
"6657",6657,"A","A",NA,1434
"6658",6658,"T","A",13.6,1111
"6659",6659,"A","G",29.8,1915
"6660",6660,"T","T",NA,1515
"6661",6661,"G","G",NA,1553
"6662",6662,"G","A",22.3,1348
"6663",6663,"G","G",NA,1725
"6664",6664,"G","T",32.5,1575
"6665",6665,"C","G",12.1,1250
"6666",6666,"A","T",10,1524
"6667",6667,"G","C",39.6,1763
"6668",6668,"G","A",32.2,1108
"6669",6669,"A","C",39.6,1631
"6670",6670,"A","C",10.2,1451
"6671",6671,"G","G",NA,1609
"6672",6672,"T","C",36.2,1764
"6673",6673,"A","G",17.8,1173
"6674",6674,"G","G",NA,1352
"6675",6675,"G","C",5.8,1537
"6676",6676,"A","T",11,1830
"6677",6677,"A","C",39.9,1423
"6678",6678,"A","G",39.8,1996
"6679",6679,"A","G",27.9,1975
"6680",6680,"G","T",11.7,1129
"6681",6681,"C","T",15.8,1001
"6682",6682,"C","A",34.9,1505
"6683",6683,"A","C",33.9,1531
"6684",6684,"T","A",29.2,1521
"6685",6685,"G","G",NA,1631
"6686",6686,"T","T",NA,1250
"6687",6687,"A","A",NA,1714
"6688",6688,"T","C",3.3,1268
"6689",6689,"G","G",NA,1464
"6690",6690,"C","T",2.6,1207
"6691",6691,"C","G",36.3,1718
"6692",6692,"C","T",31.7,1479
"6693",6693,"C","A",34.1,1844
"6694",6694,"T","G",7.3,1788
"6695",6695,"C","G",6.2,1886
"6696",6696,"C","G",37.4,1620
"6697",6697,"C","C",NA,1061
"6698",6698,"A","T",3.9,1328
"6699",6699,"T","A",12.2,1697
"6700",6700,"C","T",1.3,1085
"6701",6701,"C","G",38.8,1927
"6702",6702,"C","T",34.6,1603
"6703",6703,"A","A",NA,1105
"6704",6704,"G","A",11,1381
"6705",6705,"G","T",3.7,1560
"6706",6706,"A","A",NA,1958
"6707",6707,"A","G",21.7,1980
"6708",6708,"T","G",4.5,1057
"6709",6709,"A","A",NA,1159
"6710",6710,"A","T",5.1,1258
"6711",6711,"T","T",NA,1202
"6712",6712,"A","G",15.8,1112
"6713",6713,"A","A",NA,1475
"6714",6714,"G","G",NA,1187
"6715",6715,"G","A",1.9,1430
"6716",6716,"T","T",NA,1998
"6717",6717,"G","T",37,1108
"6718",6718,"T","G",10.6,1774
"6719",6719,"G","C",27.2,1464
"6720",6720,"A","C",38.9,1015
"6721",6721,"G","G",NA,1428
"6722",6722,"T","T",NA,1583
"6723",6723,"C","C",NA,1055
"6724",6724,"A","C",27.9,1439
"6725",6725,"A","T",24.5,1596
"6726",6726,"A","G",10,1308
"6727",6727,"C","A",10.3,1142
"6728",6728,"A","A",NA,1272
"6729",6729,"T","T",NA,1164
"6730",6730,"T","T",NA,1974
"6731",6731,"A","T",29,1476
"6732",6732,"C","C",NA,1794
"6733",6733,"A","T",11.3,1956
"6734",6734,"G","T",25.9,1726
"6735",6735,"G","T",3,1669
"6736",6736,"A","T",5.7,1082
"6737",6737,"C","C",NA,1461
"6738",6738,"T","T",NA,1248
"6739",6739,"A","G",6.3,1791
"6740",6740,"A","T",37.4,1311
"6741",6741,"T","C",25.1,1628
"6742",6742,"A","C",4.8,1842
"6743",6743,"T","C",30.5,1190
"6744",6744,"T","C",1.1,1989
"6745",6745,"A","C",6.2,1441
"6746",6746,"A","C",26.2,1871
"6747",6747,"C","A",29.4,1107
"6748",6748,"A","T",10.4,1302
"6749",6749,"A","T",16.6,1268
"6750",6750,"G","T",20,1906
"6751",6751,"A","G",30.5,1725
"6752",6752,"G","G",NA,1949
"6753",6753,"A","A",NA,1021
"6754",6754,"T","A",24.4,1528
"6755",6755,"G","C",15.6,1464
"6756",6756,"G","G",NA,1401
"6757",6757,"T","G",20.2,1049
"6758",6758,"G","A",11.2,1641
"6759",6759,"G","T",30.3,1281
"6760",6760,"G","A",13.1,1990
"6761",6761,"G","C",14.8,1982
"6762",6762,"G","C",34.9,1187
"6763",6763,"G","T",31.4,1674
"6764",6764,"A","A",NA,1686
"6765",6765,"A","G",27.5,1186
"6766",6766,"T","T",NA,1368
"6767",6767,"G","A",30.6,1247
"6768",6768,"A","A",NA,1962
"6769",6769,"C","A",13.2,1945
"6770",6770,"A","G",27.7,1946
"6771",6771,"G","T",6.7,1406
"6772",6772,"T","A",27.7,1689
"6773",6773,"G","C",10.1,1288
"6774",6774,"A","T",1.2,1216
"6775",6775,"A","C",4.3,1124
"6776",6776,"T","T",NA,1741
"6777",6777,"C","C",NA,1884
"6778",6778,"T","C",30.9,1972
"6779",6779,"G","A",28.9,1279
"6780",6780,"A","A",NA,1866
"6781",6781,"G","G",NA,1274
"6782",6782,"A","C",16.4,1220
"6783",6783,"T","T",NA,1978
"6784",6784,"C","C",NA,1671
"6785",6785,"T","G",7,1553
"6786",6786,"T","A",10.6,1044
"6787",6787,"T","C",13.1,1118
"6788",6788,"A","C",38.1,1797
"6789",6789,"G","C",27.9,1265
"6790",6790,"A","C",13.3,1744
"6791",6791,"C","A",31.4,1195
"6792",6792,"C","C",NA,1354
"6793",6793,"T","T",NA,1880
"6794",6794,"G","T",25.7,1628
"6795",6795,"G","G",NA,1459
"6796",6796,"A","A",NA,1986
"6797",6797,"G","G",NA,1527
"6798",6798,"G","A",38.6,1830
"6799",6799,"A","C",11.6,1138
"6800",6800,"G","A",37.5,1725
"6801",6801,"G","T",36.6,1783
"6802",6802,"A","G",35.6,1672
"6803",6803,"G","A",17.8,1178
"6804",6804,"A","C",10.8,1749
"6805",6805,"T","C",23,1443
"6806",6806,"A","A",NA,1528
"6807",6807,"T","G",22.9,1579
"6808",6808,"G","T",24.6,1317
"6809",6809,"A","A",NA,1335
"6810",6810,"G","C",6.9,1543
"6811",6811,"A","C",26.5,1737
"6812",6812,"G","C",5,1655
"6813",6813,"A","A",NA,1565
"6814",6814,"C","T",3.5,1972
"6815",6815,"A","T",13.8,1730
"6816",6816,"A","T",9,1906
"6817",6817,"T","T",NA,1332
"6818",6818,"T","T",NA,1741
"6819",6819,"G","T",28.7,1687
"6820",6820,"G","G",NA,1247
"6821",6821,"A","G",21,1147
"6822",6822,"G","G",NA,1948
"6823",6823,"A","G",24.1,1646
"6824",6824,"A","G",28.6,1101
"6825",6825,"G","C",39.8,1620
"6826",6826,"T","A",27.3,1042
"6827",6827,"G","G",NA,1722
"6828",6828,"A","T",9.2,1997
"6829",6829,"A","C",24.7,1293
"6830",6830,"T","C",28.6,1954
"6831",6831,"T","C",1.8,1725
"6832",6832,"G","C",20.2,1555
"6833",6833,"T","C",39,1994
"6834",6834,"A","T",32.2,1057
"6835",6835,"C","C",NA,1494
"6836",6836,"A","T",25.1,1483
"6837",6837,"A","C",36.1,1213
"6838",6838,"A","G",36.7,1463
"6839",6839,"T","A",27.1,1417
"6840",6840,"A","A",NA,1787
"6841",6841,"C","T",21.3,1583
"6842",6842,"A","G",3.5,1237
"6843",6843,"A","T",2.5,1911
"6844",6844,"A","G",4.2,1481
"6845",6845,"G","C",8,1513
"6846",6846,"T","A",18.4,1629
"6847",6847,"A","A",NA,1150
"6848",6848,"G","T",14.4,1476
"6849",6849,"T","C",24.9,1630
"6850",6850,"A","T",2,1462
"6851",6851,"A","A",NA,1356
"6852",6852,"G","T",17.8,1301
"6853",6853,"A","C",12.6,1680
"6854",6854,"A","A",NA,1058
"6855",6855,"T","C",22.1,1938
"6856",6856,"T","C",37.9,1646
"6857",6857,"G","C",23,1489
"6858",6858,"A","C",21.6,1113
"6859",6859,"A","G",4,1459
"6860",6860,"C","A",30.3,1517
"6861",6861,"C","G",9.9,1380
"6862",6862,"A","C",32.7,1333
"6863",6863,"T","T",NA,1629
"6864",6864,"T","T",NA,1504
"6865",6865,"A","A",NA,1341
"6866",6866,"G","G",NA,1136
"6867",6867,"G","T",3.3,1050
"6868",6868,"A","C",11.1,1241
"6869",6869,"G","C",15.4,1304
"6870",6870,"T","C",4,1750
"6871",6871,"A","T",3.7,1313
"6872",6872,"G","C",22.7,1693
"6873",6873,"C","G",27.2,1237
"6874",6874,"A","A",NA,1745
"6875",6875,"C","A",31.9,1349
"6876",6876,"C","T",7.8,1582
"6877",6877,"C","T",10.7,1186
"6878",6878,"A","C",18.9,1651
"6879",6879,"C","C",NA,1373
"6880",6880,"C","A",27.2,1374
"6881",6881,"A","C",11,1542
"6882",6882,"A","G",17.4,1273
"6883",6883,"G","T",7.2,1898
"6884",6884,"G","T",39,1347
"6885",6885,"C","G",18.3,1828
"6886",6886,"A","T",29.3,1071
"6887",6887,"A","T",37.9,1564
"6888",6888,"G","T",17.8,1252
"6889",6889,"G","A",21,1945
"6890",6890,"A","G",32.8,1600
"6891",6891,"G","T",7.8,1636
"6892",6892,"A","G",25.4,1590
"6893",6893,"A","C",12.1,1401
"6894",6894,"G","G",NA,1130
"6895",6895,"A","T",10.2,1753
"6896",6896,"G","T",33.7,1836
"6897",6897,"T","C",33.2,1585
"6898",6898,"G","G",NA,1419
"6899",6899,"G","T",19.1,1661
"6900",6900,"T","G",14.8,1793
"6901",6901,"G","C",3.6,1600
"6902",6902,"C","T",13.4,1768
"6903",6903,"A","A",NA,1643
"6904",6904,"A","A",NA,1164
"6905",6905,"A","A",NA,1893
"6906",6906,"G","A",3.5,1375
"6907",6907,"A","C",8.2,1778
"6908",6908,"G","A",30.2,1107
"6909",6909,"A","G",37.5,1298
"6910",6910,"A","A",NA,1482
"6911",6911,"A","C",31.8,1278
"6912",6912,"A","T",39.1,1016
"6913",6913,"A","C",8,1073
"6914",6914,"A","T",12,1753
"6915",6915,"G","C",23.9,1801
"6916",6916,"A","G",8,1250
"6917",6917,"G","C",6.5,1856
"6918",6918,"C","T",17.2,1139
"6919",6919,"A","T",17.2,1001
"6920",6920,"A","G",18.4,1376
"6921",6921,"T","A",26.8,1809
"6922",6922,"A","T",28.3,1816
"6923",6923,"G","C",16.9,1535
"6924",6924,"G","A",8.3,1409
"6925",6925,"A","C",37.4,1133
"6926",6926,"C","T",16.6,1992
"6927",6927,"T","G",30.3,1712
"6928",6928,"G","T",38.5,1076
"6929",6929,"G","G",NA,1883
"6930",6930,"G","C",38.2,1246
"6931",6931,"A","C",22.9,1522
"6932",6932,"G","G",NA,1095
"6933",6933,"C","G",13.4,1628
"6934",6934,"T","G",34.3,1146
"6935",6935,"G","T",6.5,1881
"6936",6936,"T","A",25.4,1022
"6937",6937,"G","A",37.6,1976
"6938",6938,"T","A",31.6,1152
"6939",6939,"T","C",39,1511
"6940",6940,"C","C",NA,1243
"6941",6941,"C","G",14.1,1271
"6942",6942,"T","G",24,1378
"6943",6943,"T","T",NA,1620
"6944",6944,"G","C",21.7,1341
"6945",6945,"G","C",18.9,1127
"6946",6946,"G","C",16,1783
"6947",6947,"T","C",28.3,1640
"6948",6948,"T","T",NA,1745
"6949",6949,"C","C",NA,1089
"6950",6950,"T","C",8.8,1876
"6951",6951,"T","C",39.9,1953
"6952",6952,"G","C",14.8,1889
"6953",6953,"G","G",NA,1290
"6954",6954,"G","G",NA,1418
"6955",6955,"A","T",35.9,1361
"6956",6956,"G","G",NA,1128
"6957",6957,"C","C",NA,1587
"6958",6958,"A","C",4,1629
"6959",6959,"G","C",25.8,1513
"6960",6960,"C","C",NA,1911
"6961",6961,"A","G",6.8,1592
"6962",6962,"G","A",12.6,1068
"6963",6963,"G","T",18.1,1739
"6964",6964,"A","C",27.7,1008
"6965",6965,"A","G",9.7,1317
"6966",6966,"G","C",39.3,1367
"6967",6967,"C","A",21.4,1005
"6968",6968,"A","G",29.9,1591
"6969",6969,"C","C",NA,1201
"6970",6970,"A","C",23.2,1108
"6971",6971,"A","T",8.3,1173
"6972",6972,"T","T",NA,1564
"6973",6973,"G","A",37.8,1344
"6974",6974,"G","T",23.4,1718
"6975",6975,"G","C",8.7,1911
"6976",6976,"C","G",16.7,1633
"6977",6977,"G","C",38.4,1995
"6978",6978,"C","G",30.9,1366
"6979",6979,"A","C",27.1,1737
"6980",6980,"G","A",35.4,1000
"6981",6981,"T","T",NA,1564
"6982",6982,"G","A",22.2,1009
"6983",6983,"T","C",1.4,1341
"6984",6984,"C","G",4.3,1392
"6985",6985,"A","G",17.1,1915
"6986",6986,"A","T",22.4,1854
"6987",6987,"T","T",NA,1770
"6988",6988,"G","C",11.9,1311
"6989",6989,"A","G",7.3,1228
"6990",6990,"C","T",5,1891
"6991",6991,"G","T",21.7,1989
"6992",6992,"C","T",16.2,1492
"6993",6993,"T","C",29.8,1220
"6994",6994,"G","T",30.7,1255
"6995",6995,"A","A",NA,1685
"6996",6996,"C","C",NA,1933
"6997",6997,"G","C",34.1,1852
"6998",6998,"G","T",14.2,1278
"6999",6999,"T","A",29,1714
"7000",7000,"A","A",NA,1119
"7001",7001,"C","C",NA,1804
"7002",7002,"A","T",13.8,1275
"7003",7003,"G","A",25,1276
"7004",7004,"G","G",NA,1353
"7005",7005,"C","G",10.1,1072
"7006",7006,"C","A",21.8,1782
"7007",7007,"A","G",24.8,1125
"7008",7008,"G","G",NA,1585
"7009",7009,"A","G",11.3,1078
"7010",7010,"C","A",16.1,1739
"7011",7011,"A","C",15.6,1977
"7012",7012,"A","C",9.9,1726
"7013",7013,"C","T",10.8,1910
"7014",7014,"T","C",21.8,1916
"7015",7015,"A","T",21.8,1791
"7016",7016,"T","G",36,1277
"7017",7017,"T","A",36.9,1190
"7018",7018,"G","A",18.5,1191
"7019",7019,"T","A",6.7,1585
"7020",7020,"C","C",NA,1371
"7021",7021,"T","A",38.6,1015
"7022",7022,"G","T",19.4,1343
"7023",7023,"G","C",3.2,1703
"7024",7024,"T","T",NA,1637
"7025",7025,"A","C",18.1,1716
"7026",7026,"T","C",13.4,1729
"7027",7027,"A","T",15.6,1278
"7028",7028,"G","A",34.8,1469
"7029",7029,"T","A",15.8,1250
"7030",7030,"G","A",31.5,1633
"7031",7031,"C","A",17,1597
"7032",7032,"A","T",29.3,1278
"7033",7033,"G","C",32.6,1698
"7034",7034,"C","G",19.8,1153
"7035",7035,"A","T",20,1954
"7036",7036,"G","A",32.9,1557
"7037",7037,"C","C",NA,1609
"7038",7038,"A","T",21.3,1547
"7039",7039,"A","T",22.3,1472
"7040",7040,"A","T",26.7,1146
"7041",7041,"A","T",24.5,1359
"7042",7042,"T","A",36.7,1614
"7043",7043,"A","T",23.7,1019
"7044",7044,"A","T",1.8,1189
"7045",7045,"T","A",37.4,1500
"7046",7046,"T","C",35.9,1741
"7047",7047,"T","A",32.1,1406
"7048",7048,"G","G",NA,1406
"7049",7049,"C","A",9.3,1634
"7050",7050,"T","C",25.8,1157
"7051",7051,"G","C",26.2,1511
"7052",7052,"A","T",34.6,1079
"7053",7053,"G","A",30.2,1438
"7054",7054,"G","A",10.3,1826
"7055",7055,"G","A",10.3,1554
"7056",7056,"C","T",2.4,1011
"7057",7057,"T","G",28.5,1133
"7058",7058,"A","G",14.9,1488
"7059",7059,"T","A",31.1,1727
"7060",7060,"A","G",31.1,1184
"7061",7061,"G","A",3.3,1143
"7062",7062,"A","G",18.6,1216
"7063",7063,"G","C",35,1378
"7064",7064,"G","A",19.6,1046
"7065",7065,"C","C",NA,1314
"7066",7066,"G","A",39.8,1035
"7067",7067,"C","G",23.7,1871
"7068",7068,"A","A",NA,1885
"7069",7069,"A","C",29.6,1537
"7070",7070,"C","C",NA,1278
"7071",7071,"A","A",NA,1976
"7072",7072,"T","A",33.3,1133
"7073",7073,"C","A",22.3,1794
"7074",7074,"A","G",28.9,1981
"7075",7075,"T","G",36.8,1169
"7076",7076,"C","G",15.1,1590
"7077",7077,"T","C",17.9,1772
"7078",7078,"G","C",16.3,1255
"7079",7079,"T","C",13.6,1696
"7080",7080,"T","T",NA,1914
"7081",7081,"G","C",30.2,1660
"7082",7082,"C","C",NA,1982
"7083",7083,"A","G",17.7,1189
"7084",7084,"A","A",NA,1231
"7085",7085,"C","C",NA,1444
"7086",7086,"T","C",36.8,1230
"7087",7087,"C","T",39.8,1102
"7088",7088,"A","A",NA,1678
"7089",7089,"C","C",NA,1632
"7090",7090,"G","G",NA,1149
"7091",7091,"G","T",23.9,1769
"7092",7092,"T","C",1.6,1768
"7093",7093,"C","G",15.4,1122
"7094",7094,"T","A",25.4,1446
"7095",7095,"G","T",34.7,1298
"7096",7096,"G","A",30.8,1021
"7097",7097,"G","T",26.4,1742
"7098",7098,"G","C",33.9,1801
"7099",7099,"C","G",36.3,1143
"7100",7100,"A","G",33,1697
"7101",7101,"T","G",36.1,1708
"7102",7102,"T","T",NA,1023
"7103",7103,"A","T",19.9,1109
"7104",7104,"A","T",31.7,1349
"7105",7105,"A","C",36.7,1672
"7106",7106,"C","G",34.6,1759
"7107",7107,"A","G",1.7,1134
"7108",7108,"G","T",15.1,1749
"7109",7109,"C","G",21.7,1681
"7110",7110,"T","C",5,1271
"7111",7111,"C","G",2,1372
"7112",7112,"C","G",11.2,1063
"7113",7113,"A","G",22.5,1158
"7114",7114,"G","T",32.2,1954
"7115",7115,"G","G",NA,1401
"7116",7116,"C","A",33.7,1103
"7117",7117,"A","C",2.4,1079
"7118",7118,"A","C",21.9,1438
"7119",7119,"G","C",10.8,1667
"7120",7120,"A","G",18.3,1629
"7121",7121,"G","G",NA,1671
"7122",7122,"T","T",NA,1815
"7123",7123,"C","C",NA,1533
"7124",7124,"C","T",19.4,1862
"7125",7125,"T","G",36,1979
"7126",7126,"G","C",9.2,1489
"7127",7127,"G","G",NA,1774
"7128",7128,"C","T",26.3,1257
"7129",7129,"T","C",26.9,1985
"7130",7130,"G","C",31.6,1104
"7131",7131,"T","A",38.9,1519
"7132",7132,"G","T",40,1928
"7133",7133,"G","G",NA,1978
"7134",7134,"A","C",3.5,1728
"7135",7135,"A","A",NA,1796
"7136",7136,"A","T",38.2,1016
"7137",7137,"G","A",16.9,1157
"7138",7138,"C","C",NA,1083
"7139",7139,"T","C",8.6,1023
"7140",7140,"A","G",18.5,1911
"7141",7141,"C","A",13,1283
"7142",7142,"C","T",12.2,1911
"7143",7143,"T","A",37,1352
"7144",7144,"A","A",NA,1045
"7145",7145,"A","A",NA,1683
"7146",7146,"A","A",NA,1553
"7147",7147,"G","A",9.1,1990
"7148",7148,"G","A",36.2,1941
"7149",7149,"A","A",NA,1751
"7150",7150,"T","T",NA,1865
"7151",7151,"C","T",38.3,1332
"7152",7152,"A","A",NA,1081
"7153",7153,"A","G",18.3,1972
"7154",7154,"C","T",5.9,1371
"7155",7155,"A","A",NA,1460
"7156",7156,"G","G",NA,1811
"7157",7157,"C","G",31.5,1654
"7158",7158,"T","A",23.6,1739
"7159",7159,"C","G",27.8,1546
"7160",7160,"C","C",NA,1360
"7161",7161,"T","A",6,1279
"7162",7162,"A","G",23.7,1737
"7163",7163,"G","C",13.7,1933
"7164",7164,"G","C",3.7,1009
"7165",7165,"A","T",18.5,1164
"7166",7166,"A","G",14.9,1978
"7167",7167,"T","A",33,1262
"7168",7168,"T","C",19.3,1708
"7169",7169,"T","C",40,1153
"7170",7170,"G","A",23.3,1860
"7171",7171,"G","G",NA,1239
"7172",7172,"G","C",21.7,1082
"7173",7173,"G","C",9.4,1675
"7174",7174,"G","A",14.6,1788
"7175",7175,"T","G",11.7,1449
"7176",7176,"G","A",15.4,1224
"7177",7177,"C","G",14.3,1004
"7178",7178,"T","A",13.5,1204
"7179",7179,"C","C",NA,1876
"7180",7180,"T","T",NA,1266
"7181",7181,"G","T",31.5,1059
"7182",7182,"G","T",23.1,1974
"7183",7183,"A","C",16.8,1386
"7184",7184,"A","C",18.6,1475
"7185",7185,"G","C",16.2,1169
"7186",7186,"A","A",NA,1346
"7187",7187,"C","C",NA,1518
"7188",7188,"A","T",24.9,1111
"7189",7189,"T","G",18.1,1882
"7190",7190,"A","C",14,1506
"7191",7191,"T","C",7.2,1571
"7192",7192,"T","G",32.2,1759
"7193",7193,"T","T",NA,1938
"7194",7194,"G","T",15.8,1773
"7195",7195,"C","C",NA,1998
"7196",7196,"G","A",38.6,1136
"7197",7197,"C","T",32.2,1911
"7198",7198,"C","C",NA,1148
"7199",7199,"A","A",NA,1173
"7200",7200,"C","T",7.2,1261
"7201",7201,"C","C",NA,1321
"7202",7202,"A","T",30.2,1248
"7203",7203,"A","T",9.9,1270
"7204",7204,"T","T",NA,1686
"7205",7205,"G","A",7.5,1254
"7206",7206,"T","A",33.6,1439
"7207",7207,"G","T",35.7,1071
"7208",7208,"C","G",22.8,1134
"7209",7209,"C","C",NA,1877
"7210",7210,"T","G",6.7,1792
"7211",7211,"T","T",NA,1583
"7212",7212,"G","T",16,1347
"7213",7213,"G","C",16.8,1197
"7214",7214,"A","T",24,1778
"7215",7215,"A","C",4.9,1218
"7216",7216,"C","G",15.2,1030
"7217",7217,"T","A",10.8,1704
"7218",7218,"C","G",38.2,1064
"7219",7219,"T","T",NA,1179
"7220",7220,"A","G",4.1,1443
"7221",7221,"G","T",24.8,1616
"7222",7222,"C","G",23.1,1376
"7223",7223,"T","C",7.6,1583
"7224",7224,"G","G",NA,1025
"7225",7225,"G","G",NA,1694
"7226",7226,"A","A",NA,1400
"7227",7227,"G","A",18.9,1820
"7228",7228,"T","T",NA,1166
"7229",7229,"A","G",3.2,1645
"7230",7230,"A","G",3.1,1536
"7231",7231,"T","C",23.9,1672
"7232",7232,"A","C",31.1,1112
"7233",7233,"A","T",7.5,1080
"7234",7234,"A","G",24.2,1652
"7235",7235,"T","G",19.1,1219
"7236",7236,"C","C",NA,1798
"7237",7237,"T","G",32.6,1948
"7238",7238,"C","A",22.3,1124
"7239",7239,"T","T",NA,1733
"7240",7240,"A","C",9.5,1888
"7241",7241,"G","T",15.4,1306
"7242",7242,"A","G",4.2,1208
"7243",7243,"T","G",15.1,1126
"7244",7244,"A","G",11.2,1180
"7245",7245,"A","G",18.7,1697
"7246",7246,"G","T",19.5,1451
"7247",7247,"A","G",35,1953
"7248",7248,"T","C",25.7,1003
"7249",7249,"T","T",NA,1414
"7250",7250,"T","A",10.5,1559
"7251",7251,"G","C",10.2,1479
"7252",7252,"G","C",32.9,1090
"7253",7253,"C","A",7.1,1682
"7254",7254,"A","C",25.9,1150
"7255",7255,"G","G",NA,1501
"7256",7256,"A","T",10.8,1981
"7257",7257,"A","C",11.9,1352
"7258",7258,"C","A",23.9,1996
"7259",7259,"A","G",8.2,1728
"7260",7260,"T","C",22.6,1824
"7261",7261,"G","C",12.6,1570
"7262",7262,"A","C",29.2,1931
"7263",7263,"C","C",NA,1953
"7264",7264,"C","C",NA,1436
"7265",7265,"T","G",7.9,1717
"7266",7266,"G","C",7.9,1791
"7267",7267,"G","T",13.5,1755
"7268",7268,"A","A",NA,1749
"7269",7269,"T","C",5.4,1922
"7270",7270,"G","A",13.3,1111
"7271",7271,"G","A",9.5,1061
"7272",7272,"A","T",15,1546
"7273",7273,"G","C",32,1374
"7274",7274,"T","A",2.9,1314
"7275",7275,"G","T",12.5,1159
"7276",7276,"G","C",18.9,1368
"7277",7277,"G","G",NA,1378
"7278",7278,"A","T",38.4,1503
"7279",7279,"A","G",27.1,1842
"7280",7280,"A","A",NA,1326
"7281",7281,"G","A",9.8,1381
"7282",7282,"A","T",12.3,1620
"7283",7283,"G","C",4.9,1005
"7284",7284,"A","C",21.2,1999
"7285",7285,"A","A",NA,1511
"7286",7286,"A","C",13.1,1007
"7287",7287,"T","A",14.3,1073
"7288",7288,"T","T",NA,1074
"7289",7289,"G","G",NA,1915
"7290",7290,"C","A",25.8,1868
"7291",7291,"T","A",1.2,1477
"7292",7292,"A","T",14,1465
"7293",7293,"A","A",NA,1720
"7294",7294,"T","C",19.2,1627
"7295",7295,"T","C",15.9,1817
"7296",7296,"A","G",17.6,1877
"7297",7297,"C","G",38.4,1692
"7298",7298,"A","T",33.9,1573
"7299",7299,"C","C",NA,1718
"7300",7300,"A","A",NA,1921
"7301",7301,"G","A",2.5,1890
"7302",7302,"G","G",NA,1019
"7303",7303,"T","T",NA,1363
"7304",7304,"T","G",30.7,1555
"7305",7305,"T","G",32.8,1942
"7306",7306,"A","T",1.8,1858
"7307",7307,"A","T",22.7,1540
"7308",7308,"T","T",NA,1904
"7309",7309,"A","C",6.2,1320
"7310",7310,"T","C",6.5,1219
"7311",7311,"A","G",34.8,1697
"7312",7312,"C","G",10.1,1435
"7313",7313,"A","T",33.1,1539
"7314",7314,"C","T",30.5,1654
"7315",7315,"T","T",NA,1661
"7316",7316,"T","A",13.9,1337
"7317",7317,"T","A",20.9,1708
"7318",7318,"A","A",NA,1067
"7319",7319,"A","T",34.5,1001
"7320",7320,"T","T",NA,1804
"7321",7321,"T","T",NA,1907
"7322",7322,"G","T",23.3,1698
"7323",7323,"A","C",7.2,1238
"7324",7324,"A","T",9.7,1512
"7325",7325,"G","T",13.9,1057
"7326",7326,"A","T",14.5,1986
"7327",7327,"A","T",36.2,1698
"7328",7328,"T","A",24.4,1391
"7329",7329,"C","A",16.8,1216
"7330",7330,"G","A",23.2,1265
"7331",7331,"C","G",33.1,1234
"7332",7332,"A","T",26.9,1526
"7333",7333,"A","A",NA,1111
"7334",7334,"A","G",34.8,1833
"7335",7335,"A","T",20.9,1325
"7336",7336,"C","G",20.1,1849
"7337",7337,"C","G",32.4,1812
"7338",7338,"A","T",38.4,1438
"7339",7339,"G","G",NA,1805
"7340",7340,"C","T",28.4,1257
"7341",7341,"A","T",10.2,1335
"7342",7342,"A","G",6.3,1379
"7343",7343,"G","G",NA,1487
"7344",7344,"A","G",21.3,1383
"7345",7345,"A","G",17.3,1556
"7346",7346,"A","G",29.4,1208
"7347",7347,"A","A",NA,1083
"7348",7348,"G","G",NA,1361
"7349",7349,"A","A",NA,1746
"7350",7350,"A","C",13,1243
"7351",7351,"T","C",38.2,1795
"7352",7352,"G","G",NA,1020
"7353",7353,"A","C",32.9,1854
"7354",7354,"A","C",6.6,1597
"7355",7355,"C","A",22.3,1752
"7356",7356,"A","T",4.4,1601
"7357",7357,"A","T",3.3,1180
"7358",7358,"G","C",6.9,1988
"7359",7359,"A","G",40,1195
"7360",7360,"A","T",3,1102
"7361",7361,"C","C",NA,1736
"7362",7362,"T","A",26.3,1272
"7363",7363,"A","T",32.2,1792
"7364",7364,"T","C",7,1104
"7365",7365,"T","G",10.9,1162
"7366",7366,"G","C",19.6,1089
"7367",7367,"G","A",4.1,1395
"7368",7368,"A","G",33.4,1637
"7369",7369,"A","G",11.7,1486
"7370",7370,"T","A",32.6,1944
"7371",7371,"T","A",39.2,1043
"7372",7372,"G","C",5.8,1102
"7373",7373,"G","T",18.7,1089
"7374",7374,"A","C",14.8,1764
"7375",7375,"C","C",NA,1014
"7376",7376,"A","G",34.3,1395
"7377",7377,"A","C",8.2,1249
"7378",7378,"A","T",39.7,1698
"7379",7379,"T","A",10.8,1501
"7380",7380,"G","T",26,1734
"7381",7381,"G","T",12.6,1982
"7382",7382,"G","T",30.2,1807
"7383",7383,"A","G",36.2,1926
"7384",7384,"C","A",32.2,1144
"7385",7385,"A","T",32.1,1967
"7386",7386,"G","G",NA,1803
"7387",7387,"T","T",NA,1517
"7388",7388,"T","A",25.7,1787
"7389",7389,"T","C",38.9,1007
"7390",7390,"G","G",NA,1821
"7391",7391,"T","T",NA,1060
"7392",7392,"G","A",22.6,1472
"7393",7393,"G","G",NA,1386
"7394",7394,"A","A",NA,1969
"7395",7395,"G","C",34.5,1371
"7396",7396,"T","G",33.7,1597
"7397",7397,"T","T",NA,1068
"7398",7398,"G","A",6.3,1962
"7399",7399,"G","G",NA,1193
"7400",7400,"T","T",NA,1140
"7401",7401,"T","A",25.1,1324
"7402",7402,"T","G",14.6,1324
"7403",7403,"A","A",NA,1015
"7404",7404,"A","G",5.8,1370
"7405",7405,"C","T",4,1650
"7406",7406,"A","A",NA,1037
"7407",7407,"T","G",31,1890
"7408",7408,"A","A",NA,1612
"7409",7409,"A","C",33.8,1627
"7410",7410,"C","A",30.6,1880
"7411",7411,"A","G",29.6,1231
"7412",7412,"A","C",12.3,1437
"7413",7413,"A","A",NA,1588
"7414",7414,"T","G",35.5,1812
"7415",7415,"T","G",28.9,1821
"7416",7416,"G","C",32.7,1104
"7417",7417,"G","C",15.3,1861
"7418",7418,"C","T",33.6,1283
"7419",7419,"T","T",NA,1820
"7420",7420,"G","G",NA,1216
"7421",7421,"T","T",NA,1764
"7422",7422,"G","A",21.9,1808
"7423",7423,"G","G",NA,1788
"7424",7424,"T","C",35,1293
"7425",7425,"A","G",37.8,1992
"7426",7426,"T","G",11.7,1728
"7427",7427,"A","C",39.2,1389
"7428",7428,"T","T",NA,1468
"7429",7429,"A","A",NA,1116
"7430",7430,"A","T",37.2,1899
"7431",7431,"A","G",39.8,1996
"7432",7432,"G","C",16.6,1308
"7433",7433,"A","C",4.3,1172
"7434",7434,"T","G",27.7,1421
"7435",7435,"A","T",1.6,1703
"7436",7436,"T","A",34.7,1701
"7437",7437,"T","G",28.6,1272
"7438",7438,"C","C",NA,1415
"7439",7439,"A","A",NA,1208
"7440",7440,"T","A",22.5,1850
"7441",7441,"A","G",27.4,1502
"7442",7442,"A","A",NA,1953
"7443",7443,"T","A",22.5,1672
"7444",7444,"G","T",6.8,1042
"7445",7445,"A","T",5.4,1775
"7446",7446,"T","G",35.1,1769
"7447",7447,"A","A",NA,1475
"7448",7448,"G","A",2.5,1994
"7449",7449,"T","G",10.5,1955
"7450",7450,"A","G",21.7,1370
"7451",7451,"G","T",40,1114
"7452",7452,"G","G",NA,1183
"7453",7453,"A","G",25.4,1145
"7454",7454,"G","G",NA,1305
"7455",7455,"G","T",6.3,1220
"7456",7456,"C","G",34.6,1595
"7457",7457,"T","G",3,1864
"7458",7458,"T","C",25.2,1864
"7459",7459,"G","A",11.8,1850
"7460",7460,"A","A",NA,1868
"7461",7461,"T","A",34.9,1463
"7462",7462,"A","A",NA,1307
"7463",7463,"G","T",26.1,1688
"7464",7464,"G","T",11.6,1197
"7465",7465,"T","A",34.1,1384
"7466",7466,"C","C",NA,1740
"7467",7467,"T","C",8.8,1961
"7468",7468,"A","T",28.6,1138
"7469",7469,"A","C",33.7,1674
"7470",7470,"G","C",30.7,1885
"7471",7471,"A","A",NA,1980
"7472",7472,"A","A",NA,1907
"7473",7473,"T","A",14,1021
"7474",7474,"A","A",NA,1470
"7475",7475,"G","T",23.2,1843
"7476",7476,"T","A",20.2,1144
"7477",7477,"T","G",24.1,1349
"7478",7478,"T","C",39.5,1186
"7479",7479,"T","A",30,1463
"7480",7480,"T","A",9.8,1400
"7481",7481,"G","G",NA,1641
"7482",7482,"C","G",4.8,1058
"7483",7483,"T","G",25.4,1838
"7484",7484,"G","C",10,1372
"7485",7485,"T","A",8,1529
"7486",7486,"G","T",35.2,1254
"7487",7487,"C","T",20,1293
"7488",7488,"T","A",11,1510
"7489",7489,"T","A",5.7,1175
"7490",7490,"T","G",32.2,1039
"7491",7491,"C","A",6.1,1260
"7492",7492,"T","T",NA,1736
"7493",7493,"A","T",6.5,1534
"7494",7494,"T","A",24.1,1106
"7495",7495,"A","G",23.6,1040
"7496",7496,"G","G",NA,1922
"7497",7497,"T","C",8.3,1537
"7498",7498,"A","T",8.9,1222
"7499",7499,"A","C",6.4,1568
"7500",7500,"A","C",27.8,1707
"7501",7501,"T","C",10.5,1493
"7502",7502,"A","G",23.6,1726
"7503",7503,"G","T",6.1,1620
"7504",7504,"A","C",6.7,1200
"7505",7505,"G","T",30.5,1886
"7506",7506,"T","A",12.9,1628
"7507",7507,"T","T",NA,1162
"7508",7508,"A","G",37.3,1747
"7509",7509,"G","C",35.6,1799
"7510",7510,"G","T",28.6,1679
"7511",7511,"C","A",6.2,1836
"7512",7512,"A","A",NA,1803
"7513",7513,"G","A",26.3,1779
"7514",7514,"G","G",NA,1680
"7515",7515,"G","C",35.1,1279
"7516",7516,"A","A",NA,1936
"7517",7517,"T","G",21.8,1980
"7518",7518,"A","A",NA,1472
"7519",7519,"T","A",37.5,1935
"7520",7520,"T","A",37.8,1843
"7521",7521,"C","G",15.8,1549
"7522",7522,"A","T",38.4,1688
"7523",7523,"C","T",38.3,1819
"7524",7524,"C","A",14,1069
"7525",7525,"T","T",NA,1077
"7526",7526,"C","A",37.2,1719
"7527",7527,"T","T",NA,1919
"7528",7528,"G","C",39.8,1469
"7529",7529,"T","G",36.3,1728
"7530",7530,"C","G",5.2,1578
"7531",7531,"A","C",30.7,1316
"7532",7532,"T","C",13.6,1219
"7533",7533,"T","G",4,1771
"7534",7534,"T","T",NA,1556
"7535",7535,"C","C",NA,1966
"7536",7536,"A","G",12.9,1367
"7537",7537,"G","A",7.2,1730
"7538",7538,"A","A",NA,1956
"7539",7539,"C","C",NA,1931
"7540",7540,"C","G",7.5,1525
"7541",7541,"C","T",13.9,1662
"7542",7542,"T","G",12.1,1268
"7543",7543,"C","C",NA,1896
"7544",7544,"C","A",25.4,1044
"7545",7545,"T","T",NA,1747
"7546",7546,"C","T",21,1679
"7547",7547,"C","C",NA,1774
"7548",7548,"C","G",13.9,1861
"7549",7549,"A","A",NA,1821
"7550",7550,"G","T",31.2,1825
"7551",7551,"C","A",19.6,1410
"7552",7552,"A","G",26.7,1523
"7553",7553,"C","C",NA,1127
"7554",7554,"C","T",14.9,1604
"7555",7555,"G","A",28.4,1997
"7556",7556,"A","G",2,1664
"7557",7557,"G","C",37.2,1033
"7558",7558,"G","T",9.8,1279
"7559",7559,"G","A",13.9,1138
"7560",7560,"G","C",25.5,1513
"7561",7561,"A","A",NA,1343
"7562",7562,"C","T",29.9,1858
"7563",7563,"C","A",6.1,1422
"7564",7564,"C","C",NA,1568
"7565",7565,"G","G",NA,1305
"7566",7566,"A","G",34.6,1393
"7567",7567,"C","T",3.3,1522
"7568",7568,"A","C",29.8,1243
"7569",7569,"G","G",NA,1276
"7570",7570,"G","G",NA,1765
"7571",7571,"C","T",39.7,1095
"7572",7572,"C","C",NA,1881
"7573",7573,"C","A",27.4,1383
"7574",7574,"G","C",15.4,1749
"7575",7575,"A","G",37.5,1167
"7576",7576,"A","G",8.1,1874
"7577",7577,"G","C",26.8,1563
"7578",7578,"G","T",6.1,1071
"7579",7579,"A","T",8.9,1366
"7580",7580,"A","G",18.8,1559
"7581",7581,"T","T",NA,1852
"7582",7582,"A","G",4.8,1003
"7583",7583,"G","T",1.8,1474
"7584",7584,"A","G",4.7,1624
"7585",7585,"A","A",NA,1380
"7586",7586,"G","G",NA,1807
"7587",7587,"A","G",11.9,1010
"7588",7588,"A","G",17.9,1326
"7589",7589,"G","G",NA,1985
"7590",7590,"G","A",31.9,1712
"7591",7591,"A","T",2.2,1953
"7592",7592,"G","A",32.1,1664
"7593",7593,"G","G",NA,1773
"7594",7594,"T","G",9.8,1401
"7595",7595,"G","T",19.1,1768
"7596",7596,"G","C",6.4,1270
"7597",7597,"A","G",38.2,1374
"7598",7598,"G","T",11.2,1161
"7599",7599,"A","G",23.9,1265
"7600",7600,"G","T",22.4,1198
"7601",7601,"A","T",33.9,1429
"7602",7602,"A","G",12.9,1523
"7603",7603,"A","A",NA,1785
"7604",7604,"G","T",22.5,1164
"7605",7605,"A","A",NA,1093
"7606",7606,"C","T",32.5,1845
"7607",7607,"A","G",6.5,1521
"7608",7608,"G","C",25,1135
"7609",7609,"A","T",36,1066
"7610",7610,"G","C",16.6,1380
"7611",7611,"A","A",NA,1329
"7612",7612,"C","G",33.4,1643
"7613",7613,"A","T",9.6,1429
"7614",7614,"G","T",35.3,1252
"7615",7615,"A","G",29.5,1206
"7616",7616,"T","C",35.9,1077
"7617",7617,"C","A",15.7,1782
"7618",7618,"C","T",34.4,1089
"7619",7619,"A","A",NA,1678
"7620",7620,"C","A",15.3,1902
"7621",7621,"T","C",4.2,1760
"7622",7622,"C","C",NA,1972
"7623",7623,"C","G",1.4,1819
"7624",7624,"A","G",37.4,1173
"7625",7625,"T","C",14.6,1189
"7626",7626,"T","A",22.8,1718
"7627",7627,"G","T",26,1399
"7628",7628,"G","G",NA,1579
"7629",7629,"T","C",26.9,1763
"7630",7630,"G","G",NA,1265
"7631",7631,"A","G",29.2,1531
"7632",7632,"A","T",15.2,1676
"7633",7633,"C","T",16.2,1979
"7634",7634,"G","C",24.4,1579
"7635",7635,"G","C",5.4,1075
"7636",7636,"A","T",8.7,1669
"7637",7637,"T","G",27.7,1871
"7638",7638,"T","C",22.9,1080
"7639",7639,"C","G",36.3,1117
"7640",7640,"T","A",29.1,1312
"7641",7641,"T","T",NA,1575
"7642",7642,"G","A",28.6,1035
"7643",7643,"G","T",6.4,1420
"7644",7644,"T","G",4.4,1014
"7645",7645,"A","G",9.5,1732
"7646",7646,"C","A",36.3,1626
"7647",7647,"T","G",23.8,1423
"7648",7648,"T","G",20,1144
"7649",7649,"A","A",NA,1176
"7650",7650,"T","T",NA,1359
"7651",7651,"C","T",31.9,1453
"7652",7652,"T","A",3,1006
"7653",7653,"G","G",NA,1533
"7654",7654,"G","T",25.1,1881
"7655",7655,"G","A",29.8,1168
"7656",7656,"A","T",11.2,1963
"7657",7657,"C","A",8.8,1550
"7658",7658,"G","G",NA,1243
"7659",7659,"A","T",9.1,1058
"7660",7660,"T","G",8.5,1017
"7661",7661,"C","T",27.4,1297
"7662",7662,"T","T",NA,1412
"7663",7663,"C","C",NA,1265
"7664",7664,"A","A",NA,1575
"7665",7665,"G","G",NA,1203
"7666",7666,"G","G",NA,1389
"7667",7667,"A","T",34.7,1157
"7668",7668,"A","C",8.1,1265
"7669",7669,"C","A",8.7,1930
"7670",7670,"C","G",35.1,1162
"7671",7671,"T","C",11.9,1483
"7672",7672,"G","T",5.4,1229
"7673",7673,"T","A",6.3,1175
"7674",7674,"G","A",14.4,1913
"7675",7675,"C","T",27.5,1062
"7676",7676,"C","G",29.8,1030
"7677",7677,"T","G",30.5,1398
"7678",7678,"C","A",32,1894
"7679",7679,"T","T",NA,1388
"7680",7680,"T","G",5.8,1372
"7681",7681,"C","A",30.3,2000
"7682",7682,"A","A",NA,1501
"7683",7683,"G","C",13.1,1337
"7684",7684,"C","C",NA,1925
"7685",7685,"T","C",33.2,1316
"7686",7686,"A","C",9.3,1227
"7687",7687,"C","A",37.1,1776
"7688",7688,"C","T",19.6,1272
"7689",7689,"A","C",4,1721
"7690",7690,"C","A",29.8,1853
"7691",7691,"C","C",NA,1574
"7692",7692,"G","G",NA,1922
"7693",7693,"C","A",16.1,1015
"7694",7694,"T","A",20.6,1673
"7695",7695,"T","G",28.6,1493
"7696",7696,"G","G",NA,1195
"7697",7697,"A","C",18.5,1157
"7698",7698,"G","C",2.3,1870
"7699",7699,"A","C",39.2,1440
"7700",7700,"G","G",NA,1436
"7701",7701,"A","G",8.7,1137
"7702",7702,"C","T",19.8,1254
"7703",7703,"T","G",12.5,1494
"7704",7704,"T","G",37.1,1167
"7705",7705,"A","A",NA,1990
"7706",7706,"C","A",36.7,1734
"7707",7707,"T","A",38.5,1725
"7708",7708,"C","C",NA,1230
"7709",7709,"T","C",34.9,1963
"7710",7710,"T","A",19.7,1596
"7711",7711,"A","T",11.8,1393
"7712",7712,"A","T",14.9,1432
"7713",7713,"T","C",9.5,1868
"7714",7714,"T","T",NA,1666
"7715",7715,"G","A",3.5,1516
"7716",7716,"T","C",7.2,1324
"7717",7717,"A","T",36.9,1151
"7718",7718,"G","G",NA,1241
"7719",7719,"C","G",16.9,1026
"7720",7720,"G","C",29.8,1666
"7721",7721,"A","G",2.8,1700
"7722",7722,"G","T",18.5,1350
"7723",7723,"G","C",36.1,1729
"7724",7724,"A","A",NA,1743
"7725",7725,"C","G",2.3,1935
"7726",7726,"T","C",10.2,1984
"7727",7727,"G","G",NA,1539
"7728",7728,"T","C",15.6,1619
"7729",7729,"G","C",30.9,1948
"7730",7730,"G","A",2.3,1435
"7731",7731,"A","T",31.7,1010
"7732",7732,"A","G",32.6,1520
"7733",7733,"C","T",10,1262
"7734",7734,"T","C",13.6,1352
"7735",7735,"T","A",10,1879
"7736",7736,"C","G",19,1671
"7737",7737,"T","C",15.4,1148
"7738",7738,"G","T",39.3,1665
"7739",7739,"G","A",7.2,1536
"7740",7740,"G","A",13.4,1328
"7741",7741,"A","C",2.2,1089
"7742",7742,"C","A",3.7,1989
"7743",7743,"A","A",NA,1211
"7744",7744,"C","T",27.6,1094
"7745",7745,"A","G",25.3,1655
"7746",7746,"A","A",NA,1887
"7747",7747,"C","G",11.6,1341
"7748",7748,"A","T",32.6,1886
"7749",7749,"T","A",16.6,1058
"7750",7750,"T","G",20.5,1880
"7751",7751,"C","G",31.3,1554
"7752",7752,"T","C",37.8,1589
"7753",7753,"C","T",28.4,1557
"7754",7754,"A","T",35.6,1098
"7755",7755,"A","G",21.5,1267
"7756",7756,"G","G",NA,1732
"7757",7757,"G","G",NA,1539
"7758",7758,"G","G",NA,1986
"7759",7759,"A","A",NA,1874
"7760",7760,"C","G",28.6,1709
"7761",7761,"T","C",16.9,1313
"7762",7762,"G","A",6.6,1320
"7763",7763,"A","A",NA,1774
"7764",7764,"G","G",NA,1627
"7765",7765,"A","C",32.8,1177
"7766",7766,"C","C",NA,1434
"7767",7767,"T","C",2.5,1103
"7768",7768,"G","G",NA,1539
"7769",7769,"G","C",37.6,1650
"7770",7770,"G","C",23,1328
"7771",7771,"G","A",17,1083
"7772",7772,"T","G",5.9,1422
"7773",7773,"G","G",NA,1169
"7774",7774,"G","A",20.5,1727
"7775",7775,"G","C",6.9,1599
"7776",7776,"A","G",10.4,1065
"7777",7777,"A","C",31.6,1467
"7778",7778,"A","A",NA,1949
"7779",7779,"G","C",7.2,1181
"7780",7780,"C","T",34.1,1388
"7781",7781,"C","G",35.7,1331
"7782",7782,"T","C",17.7,1087
"7783",7783,"C","C",NA,1161
"7784",7784,"A","G",8.5,1079
"7785",7785,"A","A",NA,1443
"7786",7786,"G","T",6.9,1120
"7787",7787,"T","T",NA,1995
"7788",7788,"A","A",NA,1100
"7789",7789,"C","A",11.9,1913
"7790",7790,"C","A",7.8,1449
"7791",7791,"T","G",38.5,1482
"7792",7792,"G","C",4.4,1061
"7793",7793,"A","A",NA,1217
"7794",7794,"A","A",NA,1021
"7795",7795,"G","C",39.8,1216
"7796",7796,"A","T",7.4,1227
"7797",7797,"A","T",3.8,1694
"7798",7798,"T","A",22.5,1535
"7799",7799,"C","G",19.2,1659
"7800",7800,"T","A",1.6,1948
"7801",7801,"T","G",2.5,1357
"7802",7802,"C","C",NA,1318
"7803",7803,"T","A",15.8,1811
"7804",7804,"A","C",38.2,1526
"7805",7805,"G","G",NA,1615
"7806",7806,"C","T",14.4,1533
"7807",7807,"A","C",18.3,1234
"7808",7808,"T","C",13.2,1200
"7809",7809,"A","A",NA,1217
"7810",7810,"T","G",1,1632
"7811",7811,"T","G",23.2,1252
"7812",7812,"G","C",12.8,1640
"7813",7813,"G","T",18.1,1295
"7814",7814,"G","A",16.1,1735
"7815",7815,"T","C",9.9,1292
"7816",7816,"T","C",12.8,1259
"7817",7817,"C","T",6.4,1986
"7818",7818,"G","A",3.9,1346
"7819",7819,"G","G",NA,1096
"7820",7820,"G","A",15.6,1138
"7821",7821,"A","A",NA,1667
"7822",7822,"A","G",34.7,1527
"7823",7823,"C","G",12.7,1873
"7824",7824,"T","A",13.5,1905
"7825",7825,"A","A",NA,1474
"7826",7826,"A","G",36.3,1812
"7827",7827,"A","T",24.8,1166
"7828",7828,"A","G",28.2,1373
"7829",7829,"A","A",NA,1873
"7830",7830,"T","T",NA,1758
"7831",7831,"T","G",28,1267
"7832",7832,"A","T",35.4,1355
"7833",7833,"G","T",1,1650
"7834",7834,"T","G",9.6,1635
"7835",7835,"G","T",8,1484
"7836",7836,"C","A",23.7,1067
"7837",7837,"T","A",13.7,1532
"7838",7838,"A","A",NA,1729
"7839",7839,"T","T",NA,1014
"7840",7840,"T","T",NA,1248
"7841",7841,"G","G",NA,1599
"7842",7842,"A","T",34.5,1679
"7843",7843,"T","A",21.9,1613
"7844",7844,"T","T",NA,1030
"7845",7845,"T","C",2.4,1827
"7846",7846,"G","T",24.5,1152
"7847",7847,"T","A",12.8,1165
"7848",7848,"T","G",32.7,1609
"7849",7849,"T","G",12,1120
"7850",7850,"G","T",18.8,1122
"7851",7851,"A","G",15.4,1231
"7852",7852,"T","T",NA,1720
"7853",7853,"A","C",39.8,1966
"7854",7854,"C","G",23.2,1002
"7855",7855,"C","T",8.7,1562
"7856",7856,"A","C",22.3,1325
"7857",7857,"C","C",NA,1584
"7858",7858,"A","A",NA,1982
"7859",7859,"G","C",15.4,1873
"7860",7860,"C","C",NA,1556
"7861",7861,"A","C",11.4,1762
"7862",7862,"A","C",19.7,1312
"7863",7863,"T","T",NA,1893
"7864",7864,"A","A",NA,1045
"7865",7865,"G","A",38.3,1935
"7866",7866,"C","T",13,1466
"7867",7867,"A","T",10.3,1495
"7868",7868,"G","A",27.8,1914
"7869",7869,"T","C",36.7,1577
"7870",7870,"A","C",12.6,1982
"7871",7871,"G","T",26.4,1768
"7872",7872,"C","T",15,1066
"7873",7873,"T","G",32.4,1406
"7874",7874,"G","G",NA,1872
"7875",7875,"G","A",33.7,1915
"7876",7876,"G","T",1.6,1074
"7877",7877,"T","C",29.2,1420
"7878",7878,"G","C",8.9,1786
"7879",7879,"G","G",NA,1468
"7880",7880,"C","C",NA,1744
"7881",7881,"C","A",16.4,1562
"7882",7882,"A","C",22.7,1470
"7883",7883,"G","T",30.2,1320
"7884",7884,"A","C",26.8,1009
"7885",7885,"G","C",6.3,1480
"7886",7886,"C","A",3.8,1711
"7887",7887,"A","A",NA,1468
"7888",7888,"G","G",NA,1889
"7889",7889,"T","C",27.9,1183
"7890",7890,"A","G",17.7,1868
"7891",7891,"G","C",32.2,1454
"7892",7892,"A","G",20.4,1405
"7893",7893,"T","G",3.1,1498
"7894",7894,"A","G",5.5,1290
"7895",7895,"G","T",28,1577
"7896",7896,"A","A",NA,1763
"7897",7897,"A","A",NA,1122
"7898",7898,"A","T",9.7,1484
"7899",7899,"T","T",NA,1222
"7900",7900,"A","T",15,1588
"7901",7901,"G","T",15.4,1708
"7902",7902,"A","G",13.7,1720
"7903",7903,"A","T",12,1631
"7904",7904,"C","G",7.4,1162
"7905",7905,"A","G",23.6,1815
"7906",7906,"A","C",28.2,1357
"7907",7907,"A","G",29.4,1606
"7908",7908,"A","A",NA,1607
"7909",7909,"C","G",34.3,1945
"7910",7910,"C","C",NA,1294
"7911",7911,"T","A",36.6,1841
"7912",7912,"T","C",36.7,1368
"7913",7913,"T","A",15.1,1180
"7914",7914,"G","G",NA,1544
"7915",7915,"T","A",1.2,1539
"7916",7916,"A","C",19.6,1698
"7917",7917,"G","A",9,1398
"7918",7918,"A","G",13.5,1764
"7919",7919,"T","T",NA,1020
"7920",7920,"G","A",17.4,1895
"7921",7921,"A","C",32.2,1961
"7922",7922,"T","A",10.4,1704
"7923",7923,"A","A",NA,1017
"7924",7924,"C","G",3.5,1237
"7925",7925,"A","A",NA,1794
"7926",7926,"A","A",NA,1178
"7927",7927,"A","G",34.8,1797
"7928",7928,"G","A",14.6,1871
"7929",7929,"G","C",21.6,1512
"7930",7930,"G","G",NA,1416
"7931",7931,"T","C",13,1640
"7932",7932,"T","T",NA,1113
"7933",7933,"T","A",32.4,1142
"7934",7934,"T","A",12.3,1027
"7935",7935,"A","G",7,1919
"7936",7936,"C","T",18.3,1368
"7937",7937,"G","T",23.6,1957
"7938",7938,"A","C",4.4,1276
"7939",7939,"T","A",23.7,1092
"7940",7940,"A","C",14,1750
"7941",7941,"A","A",NA,1373
"7942",7942,"C","C",NA,1798
"7943",7943,"A","C",25.2,1974
"7944",7944,"T","G",15.8,1275
"7945",7945,"G","G",NA,1906
"7946",7946,"G","A",4.5,1650
"7947",7947,"G","G",NA,1122
"7948",7948,"G","G",NA,1172
"7949",7949,"G","T",10.1,1151
"7950",7950,"G","C",18.5,1792
"7951",7951,"C","C",NA,1276
"7952",7952,"A","C",23.6,1858
"7953",7953,"A","C",3.8,1935
"7954",7954,"C","G",13.9,1020
"7955",7955,"A","C",20.5,1170
"7956",7956,"G","T",22.8,1976
"7957",7957,"G","T",16.7,1889
"7958",7958,"T","G",27.5,1401
"7959",7959,"G","C",7.9,1936
"7960",7960,"G","G",NA,1293
"7961",7961,"A","A",NA,1077
"7962",7962,"A","C",11.7,1146
"7963",7963,"A","C",26.8,1724
"7964",7964,"A","C",9.4,1465
"7965",7965,"G","C",4.6,1430
"7966",7966,"T","G",17.8,1273
"7967",7967,"A","G",9.1,1916
"7968",7968,"G","A",31.8,1093
"7969",7969,"C","T",28.5,1208
"7970",7970,"A","A",NA,1761
"7971",7971,"T","T",NA,1122
"7972",7972,"C","T",26.8,1563
"7973",7973,"A","A",NA,1212
"7974",7974,"T","C",7.2,1764
"7975",7975,"G","G",NA,1027
"7976",7976,"G","C",38.8,1101
"7977",7977,"T","T",NA,1549
"7978",7978,"G","C",39.5,1735
"7979",7979,"G","G",NA,1385
"7980",7980,"G","C",29,1663
"7981",7981,"G","G",NA,1197
"7982",7982,"C","C",NA,1832
"7983",7983,"G","C",38,1130
"7984",7984,"T","G",5.9,1575
"7985",7985,"G","G",NA,1432
"7986",7986,"A","C",34.5,1924
"7987",7987,"G","C",8.1,1958
"7988",7988,"G","T",3.8,1069
"7989",7989,"A","T",18.8,1060
"7990",7990,"G","A",26.2,1014
"7991",7991,"G","T",13.3,1577
"7992",7992,"G","G",NA,1007
"7993",7993,"G","A",7.7,1821
"7994",7994,"A","A",NA,1769
"7995",7995,"G","G",NA,1005
"7996",7996,"A","T",8.4,1624
"7997",7997,"A","T",11.8,1270
"7998",7998,"G","A",32.3,1596
"7999",7999,"A","T",9,1838
"8000",8000,"A","A",NA,1367
"8001",8001,"T","T",NA,1099
"8002",8002,"A","A",NA,1148
"8003",8003,"G","T",15.2,1783
"8004",8004,"A","G",23.1,1803
"8005",8005,"G","G",NA,1501
"8006",8006,"C","C",NA,1587
"8007",8007,"A","A",NA,1302
"8008",8008,"T","C",12.8,1205
"8009",8009,"C","A",7,1336
"8010",8010,"C","T",36.3,1597
"8011",8011,"T","C",11.6,1893
"8012",8012,"C","G",24.2,1444
"8013",8013,"C","T",3.5,1485
"8014",8014,"T","C",22.2,1696
"8015",8015,"C","A",4.3,1578
"8016",8016,"C","T",17.9,1119
"8017",8017,"T","T",NA,1145
"8018",8018,"C","C",NA,1364
"8019",8019,"C","T",19.2,1913
"8020",8020,"A","C",36.3,1198
"8021",8021,"G","G",NA,1932
"8022",8022,"C","T",33,1437
"8023",8023,"A","A",NA,1472
"8024",8024,"G","T",6.4,1343
"8025",8025,"C","A",37.9,1824
"8026",8026,"A","T",22.1,1442
"8027",8027,"G","A",2.8,1516
"8028",8028,"C","G",31.5,1464
"8029",8029,"A","G",14.2,1367
"8030",8030,"G","T",13.1,1827
"8031",8031,"T","A",21.3,1319
"8032",8032,"A","C",3.2,1155
"8033",8033,"G","G",NA,1636
"8034",8034,"G","G",NA,1794
"8035",8035,"A","A",NA,1263
"8036",8036,"G","G",NA,1978
"8037",8037,"C","T",30.8,1181
"8038",8038,"A","G",23.2,1458
"8039",8039,"G","C",31.3,1841
"8040",8040,"C","C",NA,1353
"8041",8041,"A","C",34.8,1313
"8042",8042,"T","T",NA,1089
"8043",8043,"T","T",NA,1431
"8044",8044,"T","A",12,1356
"8045",8045,"C","A",19.5,1769
"8046",8046,"A","C",5.2,1867
"8047",8047,"A","G",33.4,1936
"8048",8048,"G","C",15.4,1408
"8049",8049,"A","G",6.6,1716
"8050",8050,"T","C",34.1,1478
"8051",8051,"G","G",NA,1408
"8052",8052,"A","G",6.3,1762
"8053",8053,"A","G",25.5,1457
"8054",8054,"G","A",10.2,1886
"8055",8055,"A","A",NA,1846
"8056",8056,"T","C",32.7,1046
"8057",8057,"A","T",6.8,1109
"8058",8058,"A","G",4.5,1093
"8059",8059,"T","C",23.2,1279
"8060",8060,"C","C",NA,1129
"8061",8061,"A","G",30.2,1497
"8062",8062,"T","T",NA,1598
"8063",8063,"C","A",32.7,1560
"8064",8064,"G","T",9,1166
"8065",8065,"A","T",15.2,1104
"8066",8066,"G","A",13.2,1138
"8067",8067,"C","C",NA,1282
"8068",8068,"A","G",14,1045
"8069",8069,"G","C",19.8,1248
"8070",8070,"C","G",6.9,1260
"8071",8071,"C","A",4.2,1178
"8072",8072,"G","C",28.8,1477
"8073",8073,"C","A",6.6,1076
"8074",8074,"A","A",NA,1365
"8075",8075,"A","G",10,1196
"8076",8076,"C","T",6.4,1011
"8077",8077,"C","A",25.7,1168
"8078",8078,"A","C",34.8,1480
"8079",8079,"G","A",29.8,1616
"8080",8080,"C","C",NA,1809
"8081",8081,"A","C",32,1487
"8082",8082,"A","G",23.2,1685
"8083",8083,"C","G",36.9,1598
"8084",8084,"A","C",34,1498
"8085",8085,"T","A",14.4,1026
"8086",8086,"T","C",28.2,1426
"8087",8087,"A","T",12.3,1223
"8088",8088,"A","C",25.2,1699
"8089",8089,"T","G",35.6,1550
"8090",8090,"C","C",NA,1726
"8091",8091,"C","C",NA,1984
"8092",8092,"C","A",39.6,1677
"8093",8093,"T","A",2.4,1264
"8094",8094,"C","C",NA,1577
"8095",8095,"T","G",16,1212
"8096",8096,"G","C",24.6,1739
"8097",8097,"A","C",5.6,1909
"8098",8098,"G","C",31.1,1369
"8099",8099,"A","A",NA,1907
"8100",8100,"G","G",NA,1111
"8101",8101,"A","C",34.4,1027
"8102",8102,"G","A",34,1100
"8103",8103,"T","C",18.3,1233
"8104",8104,"C","A",25.8,1586
"8105",8105,"G","T",32.2,1314
"8106",8106,"T","T",NA,1642
"8107",8107,"G","C",34.7,1026
"8108",8108,"C","T",22,1913
"8109",8109,"G","G",NA,1070
"8110",8110,"G","A",39.1,1656
"8111",8111,"G","T",32,1847
"8112",8112,"A","A",NA,1132
"8113",8113,"C","A",16.3,1283
"8114",8114,"G","G",NA,1185
"8115",8115,"C","T",21.2,1949
"8116",8116,"G","A",4,1914
"8117",8117,"C","G",21.1,1101
"8118",8118,"A","T",14.1,1625
"8119",8119,"A","C",15.5,1008
"8120",8120,"C","A",13.5,1970
"8121",8121,"A","G",3.7,1749
"8122",8122,"G","T",9.6,1207
"8123",8123,"G","C",29.3,1041
"8124",8124,"A","C",24.4,1275
"8125",8125,"A","G",20.8,1488
"8126",8126,"G","A",36,1652
"8127",8127,"A","T",26.1,1569
"8128",8128,"G","C",15.4,1783
"8129",8129,"G","T",1.5,1221
"8130",8130,"A","C",35.8,1184
"8131",8131,"A","C",20,1256
"8132",8132,"G","A",5.6,1817
"8133",8133,"G","G",NA,1151
"8134",8134,"G","C",26.3,1187
"8135",8135,"G","T",34.8,1672
"8136",8136,"G","C",29,1938
"8137",8137,"G","G",NA,1814
"8138",8138,"G","A",26.8,1385
"8139",8139,"T","G",38.9,1059
"8140",8140,"A","T",12.6,1304
"8141",8141,"G","G",NA,1867
"8142",8142,"G","C",2.3,1133
"8143",8143,"C","T",7.2,1651
"8144",8144,"T","C",15.7,1687
"8145",8145,"T","G",25.7,1184
"8146",8146,"T","A",18.5,1838
"8147",8147,"C","G",5.6,1557
"8148",8148,"C","T",31.4,1882
"8149",8149,"A","C",27.3,1212
"8150",8150,"G","G",NA,1570
"8151",8151,"T","T",NA,1842
"8152",8152,"C","A",14.1,1774
"8153",8153,"A","G",24.9,1119
"8154",8154,"A","C",20.3,1647
"8155",8155,"G","A",25.6,1694
"8156",8156,"C","G",23.2,1052
"8157",8157,"C","T",24.7,1700
"8158",8158,"A","T",30.9,1161
"8159",8159,"C","G",3.2,1996
"8160",8160,"A","A",NA,1711
"8161",8161,"A","C",18.2,1171
"8162",8162,"G","G",NA,1480
"8163",8163,"T","A",5.1,1349
"8164",8164,"A","A",NA,1946
"8165",8165,"C","C",NA,1121
"8166",8166,"C","C",NA,1297
"8167",8167,"T","A",29.2,1381
"8168",8168,"G","A",24,1674
"8169",8169,"T","C",3.7,1836
"8170",8170,"A","A",NA,1569
"8171",8171,"A","C",37,1038
"8172",8172,"G","C",3.4,1231
"8173",8173,"G","A",13.6,1388
"8174",8174,"C","A",19.9,1855
"8175",8175,"C","T",11.9,1723
"8176",8176,"A","G",39.6,1953
"8177",8177,"A","C",37.8,1800
"8178",8178,"T","G",18.2,1356
"8179",8179,"G","G",NA,1378
"8180",8180,"A","C",1.8,1667
"8181",8181,"C","A",5.8,1878
"8182",8182,"T","G",33.5,1025
"8183",8183,"T","A",5.6,1335
"8184",8184,"A","A",NA,1593
"8185",8185,"C","T",4,1517
"8186",8186,"A","G",25.5,1365
"8187",8187,"A","G",31.3,1520
"8188",8188,"G","A",4.8,1140
"8189",8189,"G","G",NA,1937
"8190",8190,"G","T",3.2,1473
"8191",8191,"A","G",1.2,1482
"8192",8192,"G","C",13,1639
"8193",8193,"C","A",29.7,1947
"8194",8194,"T","C",30.7,1996
"8195",8195,"C","A",2.5,1757
"8196",8196,"T","C",20.7,1644
"8197",8197,"G","T",2.4,1875
"8198",8198,"G","A",5.2,1752
"8199",8199,"A","A",NA,1702
"8200",8200,"T","G",22.6,1637
"8201",8201,"C","A",20.7,1270
"8202",8202,"T","G",25.8,1067
"8203",8203,"C","T",35.5,1691
"8204",8204,"A","A",NA,1330
"8205",8205,"G","G",NA,1412
"8206",8206,"C","C",NA,1999
"8207",8207,"C","A",15.1,1150
"8208",8208,"A","G",21,1042
"8209",8209,"C","C",NA,1177
"8210",8210,"T","G",5.3,1100
"8211",8211,"T","G",18.1,1767
"8212",8212,"T","G",19,1097
"8213",8213,"T","C",36,1701
"8214",8214,"T","T",NA,1990
"8215",8215,"A","G",20.3,1422
"8216",8216,"A","C",37.3,1533
"8217",8217,"G","C",24.3,1963
"8218",8218,"A","G",21.3,1643
"8219",8219,"G","C",11.4,1656
"8220",8220,"A","A",NA,1168
"8221",8221,"A","G",27.1,1053
"8222",8222,"A","C",25.7,1288
"8223",8223,"A","C",11.4,1488
"8224",8224,"G","C",32.6,1587
"8225",8225,"G","T",39.6,1218
"8226",8226,"G","A",4.5,1001
"8227",8227,"G","A",38.6,1642
"8228",8228,"G","A",9.9,1444
"8229",8229,"G","T",30.5,1002
"8230",8230,"A","A",NA,1917
"8231",8231,"C","A",34.2,1565
"8232",8232,"T","C",2.2,1258
"8233",8233,"G","G",NA,1065
"8234",8234,"G","C",38.6,1904
"8235",8235,"A","G",39.7,1992
"8236",8236,"A","T",20,1593
"8237",8237,"G","T",10,1973
"8238",8238,"G","G",NA,1880
"8239",8239,"G","C",33.2,1651
"8240",8240,"T","A",12,1373
"8241",8241,"T","G",11.2,1570
"8242",8242,"A","A",NA,1464
"8243",8243,"A","G",16.3,1287
"8244",8244,"T","C",20.3,1977
"8245",8245,"T","T",NA,1188
"8246",8246,"T","C",14.7,1789
"8247",8247,"A","C",10.7,1847
"8248",8248,"C","G",20.8,1064
"8249",8249,"T","G",22.3,1993
"8250",8250,"C","G",3.4,1476
"8251",8251,"C","T",12.3,1203
"8252",8252,"A","C",18.6,1247
"8253",8253,"G","C",5.3,1984
"8254",8254,"G","C",32.7,1626
"8255",8255,"A","T",30.1,1748
"8256",8256,"A","A",NA,1270
"8257",8257,"G","C",14.5,1523
"8258",8258,"A","T",19.1,1137
"8259",8259,"G","C",31.7,1115
"8260",8260,"A","G",31.1,1854
"8261",8261,"C","T",6.5,1856
"8262",8262,"A","T",19.1,1824
"8263",8263,"A","C",34.9,1048
"8264",8264,"G","G",NA,1369
"8265",8265,"A","T",36.3,1987
"8266",8266,"A","C",4.3,1511
"8267",8267,"A","G",16,1400
"8268",8268,"T","G",23.8,1750
"8269",8269,"C","G",39,1254
"8270",8270,"C","A",17.2,1303
"8271",8271,"T","A",27.5,1104
"8272",8272,"T","C",27.1,1223
"8273",8273,"G","G",NA,1262
"8274",8274,"A","G",32.5,1039
"8275",8275,"T","G",32.4,1109
"8276",8276,"C","T",37.1,1267
"8277",8277,"T","T",NA,1142
"8278",8278,"G","G",NA,1399
"8279",8279,"T","T",NA,1993
"8280",8280,"G","C",22.2,1230
"8281",8281,"G","T",22,1289
"8282",8282,"G","T",16.8,1880
"8283",8283,"T","A",18.2,1916
"8284",8284,"G","C",30.5,1406
"8285",8285,"T","T",NA,1200
"8286",8286,"A","A",NA,1480
"8287",8287,"C","T",6.7,1269
"8288",8288,"A","G",3,1170
"8289",8289,"A","A",NA,1444
"8290",8290,"C","T",4.2,1327
"8291",8291,"A","G",10.3,1410
"8292",8292,"C","G",1.6,1401
"8293",8293,"A","G",6.9,1386
"8294",8294,"C","C",NA,1715
"8295",8295,"A","A",NA,1429
"8296",8296,"A","C",18.4,1143
"8297",8297,"G","G",NA,1914
"8298",8298,"G","A",18.3,1089
"8299",8299,"C","G",35.4,1715
"8300",8300,"T","C",31.4,1557
"8301",8301,"A","G",20.4,1726
"8302",8302,"C","T",20.5,1696
"8303",8303,"T","T",NA,1766
"8304",8304,"T","G",21.3,1886
"8305",8305,"C","T",21.7,1454
"8306",8306,"C","T",9.1,1838
"8307",8307,"C","G",34.7,1114
"8308",8308,"T","A",36.1,1551
"8309",8309,"G","A",15,1558
"8310",8310,"A","C",28.4,1776
"8311",8311,"T","G",5.1,1287
"8312",8312,"T","A",9,1705
"8313",8313,"G","C",2.5,1919
"8314",8314,"G","A",8,1045
"8315",8315,"C","A",6.5,1991
"8316",8316,"A","G",24.4,1367
"8317",8317,"G","A",5.6,1794
"8318",8318,"A","T",21.7,1434
"8319",8319,"A","T",27.2,1810
"8320",8320,"T","A",37,1383
"8321",8321,"T","G",31.1,1331
"8322",8322,"A","G",33.5,1451
"8323",8323,"C","T",24.6,1614
"8324",8324,"A","T",16.1,1759
"8325",8325,"C","G",19.6,1106
"8326",8326,"A","A",NA,1935
"8327",8327,"C","T",10.6,1671
"8328",8328,"C","T",21.2,1324
"8329",8329,"A","G",23.2,1654
"8330",8330,"G","A",18.1,1347
"8331",8331,"G","C",33.7,1748
"8332",8332,"G","C",18.7,1724
"8333",8333,"C","G",21.1,1781
"8334",8334,"C","T",17.6,1677
"8335",8335,"A","T",35.5,1663
"8336",8336,"G","A",25.3,1337
"8337",8337,"G","C",22.7,1653
"8338",8338,"G","G",NA,1649
"8339",8339,"A","G",5.5,1799
"8340",8340,"T","C",39.4,1131
"8341",8341,"T","A",18.9,1552
"8342",8342,"A","A",NA,1757
"8343",8343,"G","T",36.5,1271
"8344",8344,"A","G",33.6,1128
"8345",8345,"T","G",26.1,1004
"8346",8346,"A","T",17.2,1644
"8347",8347,"C","C",NA,1963
"8348",8348,"C","A",8.8,1758
"8349",8349,"C","A",31.5,1200
"8350",8350,"A","A",NA,1034
"8351",8351,"C","T",35.2,1060
"8352",8352,"T","A",21.5,1684
"8353",8353,"A","G",20.8,1182
"8354",8354,"A","G",31.3,1163
"8355",8355,"C","C",NA,1093
"8356",8356,"A","G",11.1,1871
"8357",8357,"T","A",17.1,1590
"8358",8358,"T","T",NA,1389
"8359",8359,"T","A",13.3,1533
"8360",8360,"G","C",11.1,1157
"8361",8361,"G","C",9.3,1335
"8362",8362,"G","C",31.6,1194
"8363",8363,"T","G",19.1,1951
"8364",8364,"G","G",NA,1826
"8365",8365,"G","G",NA,1653
"8366",8366,"T","A",32.5,1394
"8367",8367,"G","T",27.5,1220
"8368",8368,"C","C",NA,1312
"8369",8369,"T","C",1.9,1934
"8370",8370,"T","G",17.7,1643
"8371",8371,"C","C",NA,1455
"8372",8372,"A","A",NA,1430
"8373",8373,"A","T",20.8,1926
"8374",8374,"G","C",5.6,1379
"8375",8375,"C","C",NA,1968
"8376",8376,"T","G",22.2,1495
"8377",8377,"A","T",11.7,1523
"8378",8378,"G","T",39.6,1461
"8379",8379,"T","C",13.8,1752
"8380",8380,"A","A",NA,1564
"8381",8381,"C","A",37,1529
"8382",8382,"C","T",34.4,1429
"8383",8383,"A","T",39,1677
"8384",8384,"G","A",38.3,1649
"8385",8385,"T","T",NA,1627
"8386",8386,"T","G",30.9,1825
"8387",8387,"G","A",14.2,1220
"8388",8388,"A","G",39.5,1111
"8389",8389,"T","A",7.3,1391
"8390",8390,"C","C",NA,1395
"8391",8391,"C","G",20.7,1171
"8392",8392,"A","A",NA,1099
"8393",8393,"G","T",34.4,1435
"8394",8394,"A","G",14.4,1062
"8395",8395,"A","G",13.3,1933
"8396",8396,"G","T",20.2,1712
"8397",8397,"A","T",38.3,1088
"8398",8398,"A","G",22.1,1152
"8399",8399,"G","C",14,1466
"8400",8400,"T","C",38.6,1750
"8401",8401,"A","C",14.1,1308
"8402",8402,"G","A",12.8,1356
"8403",8403,"A","G",30.4,1077
"8404",8404,"G","G",NA,1616
"8405",8405,"A","A",NA,1160
"8406",8406,"A","C",18.8,1781
"8407",8407,"G","G",NA,1362
"8408",8408,"G","A",22.7,1636
"8409",8409,"C","G",21,1903
"8410",8410,"T","G",15.5,1825
"8411",8411,"A","A",NA,1463
"8412",8412,"C","G",6.9,1679
"8413",8413,"T","C",32.2,1116
"8414",8414,"G","C",24,1023
"8415",8415,"A","C",7.2,1754
"8416",8416,"G","C",37.9,1395
"8417",8417,"G","C",1.9,1802
"8418",8418,"G","G",NA,1772
"8419",8419,"A","T",27.1,1482
"8420",8420,"G","A",11.7,1308
"8421",8421,"A","C",28.8,1048
"8422",8422,"G","G",NA,1632
"8423",8423,"A","A",NA,1217
"8424",8424,"A","G",15,1971
"8425",8425,"C","A",36.7,1066
"8426",8426,"A","G",28,1881
"8427",8427,"A","T",21.3,1097
"8428",8428,"C","A",9.9,1115
"8429",8429,"A","G",16.5,1973
"8430",8430,"G","T",39.4,1766
"8431",8431,"C","C",NA,1372
"8432",8432,"C","C",NA,1223
"8433",8433,"T","T",NA,1682
"8434",8434,"C","A",9.5,1323
"8435",8435,"T","C",8.7,1760
"8436",8436,"T","G",17.3,1685
"8437",8437,"A","G",13.5,1439
"8438",8438,"C","T",2.5,1533
"8439",8439,"A","T",2.6,1557
"8440",8440,"C","C",NA,1917
"8441",8441,"C","C",NA,1080
"8442",8442,"C","G",24.5,1232
"8443",8443,"T","T",NA,1771
"8444",8444,"A","T",34.4,1863
"8445",8445,"T","C",8.9,1247
"8446",8446,"G","A",25.1,1686
"8447",8447,"T","G",11.6,1038
"8448",8448,"G","T",12.2,1228
"8449",8449,"C","T",4.2,1874
"8450",8450,"C","T",19.7,1033
"8451",8451,"A","T",39.8,1222
"8452",8452,"G","A",26.4,1320
"8453",8453,"C","C",NA,1225
"8454",8454,"A","T",39.6,1637
"8455",8455,"T","A",9.9,1843
"8456",8456,"G","G",NA,1607
"8457",8457,"G","A",5.7,1929
"8458",8458,"A","T",23.4,1031
"8459",8459,"G","C",19.3,1304
"8460",8460,"T","T",NA,1973
"8461",8461,"G","T",31.6,1308
"8462",8462,"G","G",NA,1560
"8463",8463,"A","T",12.8,1069
"8464",8464,"T","G",14.5,1124
"8465",8465,"G","G",NA,1888
"8466",8466,"A","G",6.5,1466
"8467",8467,"T","T",NA,1284
"8468",8468,"G","G",NA,1311
"8469",8469,"A","A",NA,1056
"8470",8470,"G","A",7.1,1513
"8471",8471,"G","T",15,1512
"8472",8472,"A","A",NA,1915
"8473",8473,"G","A",27.5,1192
"8474",8474,"A","G",23.3,1474
"8475",8475,"G","T",33.9,1605
"8476",8476,"A","A",NA,1588
"8477",8477,"G","T",28.9,1334
"8478",8478,"A","T",11.4,1400
"8479",8479,"A","C",28.5,1441
"8480",8480,"A","A",NA,1729
"8481",8481,"C","C",NA,1048
"8482",8482,"A","A",NA,1907
"8483",8483,"T","T",NA,1401
"8484",8484,"T","T",NA,1693
"8485",8485,"A","T",39.4,1108
"8486",8486,"A","G",1.9,1430
"8487",8487,"T","T",NA,1542
"8488",8488,"G","G",NA,1698
"8489",8489,"T","G",27,1362
"8490",8490,"G","T",9.3,1614
"8491",8491,"G","A",28,1499
"8492",8492,"A","C",23.7,1191
"8493",8493,"A","G",12.2,1368
"8494",8494,"G","T",19.9,1627
"8495",8495,"T","G",19.3,1762
"8496",8496,"T","C",18.6,1445
"8497",8497,"T","G",17.8,1519
"8498",8498,"G","T",5.8,1933
"8499",8499,"A","G",12.1,1879
"8500",8500,"C","T",36.5,1800
"8501",8501,"A","A",NA,1671
"8502",8502,"G","A",39,1603
"8503",8503,"C","A",19.6,1004
"8504",8504,"T","T",NA,1668
"8505",8505,"A","C",16.6,1607
"8506",8506,"C","C",NA,1284
"8507",8507,"C","T",29.9,1703
"8508",8508,"T","A",26.3,1884
"8509",8509,"G","A",30.1,1972
"8510",8510,"G","G",NA,1684
"8511",8511,"C","A",16.1,1832
"8512",8512,"C","G",37.5,1006
"8513",8513,"T","T",NA,1306
"8514",8514,"T","T",NA,1186
"8515",8515,"T","G",17.5,1120
"8516",8516,"A","C",7.7,1616
"8517",8517,"A","C",19,1591
"8518",8518,"A","C",22.8,1651
"8519",8519,"C","A",3,1269
"8520",8520,"A","A",NA,1647
"8521",8521,"C","C",NA,1523
"8522",8522,"C","T",4.4,1881
"8523",8523,"A","G",32.3,1167
"8524",8524,"A","A",NA,1847
"8525",8525,"G","T",27.7,1050
"8526",8526,"C","C",NA,1983
"8527",8527,"C","A",19.2,1277
"8528",8528,"C","C",NA,1091
"8529",8529,"G","G",NA,1793
"8530",8530,"A","G",33.3,1075
"8531",8531,"G","C",5.9,1419
"8532",8532,"A","A",NA,1353
"8533",8533,"G","G",NA,1129
"8534",8534,"A","G",9.8,1741
"8535",8535,"T","T",NA,1767
"8536",8536,"G","T",10,1983
"8537",8537,"C","G",4.6,1191
"8538",8538,"A","T",12.4,1157
"8539",8539,"T","A",19.7,1166
"8540",8540,"C","C",NA,1608
"8541",8541,"C","G",15.5,1337
"8542",8542,"G","T",16.8,1529
"8543",8543,"G","A",27.9,1593
"8544",8544,"A","T",32.4,1285
"8545",8545,"G","C",34.9,1340
"8546",8546,"T","A",16.9,1453
"8547",8547,"T","A",36.3,1510
"8548",8548,"C","G",24.2,1331
"8549",8549,"T","G",30.2,1948
"8550",8550,"A","A",NA,1433
"8551",8551,"C","T",2.8,1226
"8552",8552,"A","G",39,1362
"8553",8553,"A","A",NA,1453
"8554",8554,"A","G",8.8,1449
"8555",8555,"G","T",27.2,1184
"8556",8556,"A","T",30.8,1162
"8557",8557,"C","A",23.8,1225
"8558",8558,"T","G",16.8,1016
"8559",8559,"G","A",31.5,1647
"8560",8560,"A","T",30,1684
"8561",8561,"C","C",NA,1428
"8562",8562,"A","C",23.8,1546
"8563",8563,"C","T",16.1,1697
"8564",8564,"A","T",2.1,1337
"8565",8565,"G","G",NA,1148
"8566",8566,"A","C",34.8,1037
"8567",8567,"A","G",34.6,1771
"8568",8568,"C","A",1.5,1832
"8569",8569,"T","G",11,1850
"8570",8570,"G","C",28.3,1134
"8571",8571,"C","C",NA,1140
"8572",8572,"T","C",22,1745
"8573",8573,"G","T",13.9,1158
"8574",8574,"C","T",5.4,1473
"8575",8575,"A","C",27.2,1852
"8576",8576,"C","A",5.4,1006
"8577",8577,"A","G",30.7,1922
"8578",8578,"C","G",6.1,1568
"8579",8579,"A","C",21.8,1743
"8580",8580,"G","A",23,1460
"8581",8581,"A","C",20.1,1246
"8582",8582,"A","C",3.7,1455
"8583",8583,"G","C",8.9,1432
"8584",8584,"T","A",25.2,1261
"8585",8585,"T","T",NA,1705
"8586",8586,"G","A",2,1280
"8587",8587,"C","T",35.7,1371
"8588",8588,"T","G",32.4,1881
"8589",8589,"G","T",7.8,1693
"8590",8590,"A","T",15.6,1477
"8591",8591,"C","T",23.9,1752
"8592",8592,"A","C",29.2,1332
"8593",8593,"G","T",13.3,1805
"8594",8594,"G","A",18.7,1023
"8595",8595,"G","G",NA,1646
"8596",8596,"A","A",NA,1165
"8597",8597,"C","A",23.8,1965
"8598",8598,"T","A",39.1,1368
"8599",8599,"T","C",34.9,1559
"8600",8600,"T","A",19.7,1457
"8601",8601,"C","T",38.6,1632
"8602",8602,"C","T",19.4,1346
"8603",8603,"G","G",NA,1598
"8604",8604,"C","T",32.4,1783
"8605",8605,"T","C",18.9,1826
"8606",8606,"G","A",39.2,1133
"8607",8607,"G","T",38.9,1897
"8608",8608,"G","A",2.5,1373
"8609",8609,"G","C",8.9,1662
"8610",8610,"A","C",7.8,1111
"8611",8611,"C","G",25.8,1989
"8612",8612,"T","G",38,1221
"8613",8613,"T","C",19.3,1755
"8614",8614,"T","G",23.7,1275
"8615",8615,"C","A",2,1501
"8616",8616,"C","G",12.9,1664
"8617",8617,"A","T",4.5,1611
"8618",8618,"G","A",32,1799
"8619",8619,"G","C",17.3,1236
"8620",8620,"G","T",12.5,1898
"8621",8621,"A","C",31.8,1637
"8622",8622,"G","G",NA,1279
"8623",8623,"G","G",NA,1231
"8624",8624,"T","G",15.8,1405
"8625",8625,"G","C",25.4,1137
"8626",8626,"T","C",36.5,1304
"8627",8627,"G","G",NA,1317
"8628",8628,"G","T",2.1,1412
"8629",8629,"T","C",31.8,1601
"8630",8630,"T","G",37.7,1768
"8631",8631,"T","T",NA,1307
"8632",8632,"G","G",NA,1670
"8633",8633,"G","G",NA,1102
"8634",8634,"G","G",NA,1668
"8635",8635,"C","A",19.4,1999
"8636",8636,"G","G",NA,1616
"8637",8637,"T","T",NA,1608
"8638",8638,"G","A",38.9,1304
"8639",8639,"G","A",33.8,1619
"8640",8640,"T","G",36.3,1730
"8641",8641,"T","A",6.9,1571
"8642",8642,"G","A",37,1741
"8643",8643,"G","C",10.4,1568
"8644",8644,"G","G",NA,1427
"8645",8645,"G","G",NA,1103
"8646",8646,"A","G",12.3,1912
"8647",8647,"G","A",7.5,1822
"8648",8648,"T","A",27.6,1814
"8649",8649,"G","T",22.5,1691
"8650",8650,"G","T",12.8,1731
"8651",8651,"C","G",3.6,1168
"8652",8652,"T","T",NA,1821
"8653",8653,"A","A",NA,1206
"8654",8654,"A","A",NA,1047
"8655",8655,"C","A",17.6,1387
"8656",8656,"C","G",7.5,1161
"8657",8657,"C","G",34.7,1432
"8658",8658,"T","G",18.2,1643
"8659",8659,"C","T",3.4,1529
"8660",8660,"A","G",5.1,1303
"8661",8661,"G","T",2.5,1024
"8662",8662,"A","T",7.8,1470
"8663",8663,"T","C",1.1,1290
"8664",8664,"G","C",31.3,1846
"8665",8665,"C","A",12.3,1176
"8666",8666,"T","C",28.6,1460
"8667",8667,"G","G",NA,1363
"8668",8668,"C","T",7.2,1579
"8669",8669,"A","G",32.8,1707
"8670",8670,"T","G",35.3,1172
"8671",8671,"A","A",NA,1339
"8672",8672,"T","A",33.1,1856
"8673",8673,"A","T",8.3,1453
"8674",8674,"A","A",NA,1032
"8675",8675,"G","C",20.6,1176
"8676",8676,"C","T",32.6,1975
"8677",8677,"A","A",NA,1396
"8678",8678,"G","A",11.3,1204
"8679",8679,"C","G",3,1006
"8680",8680,"T","C",35.2,1968
"8681",8681,"G","G",NA,1753
"8682",8682,"C","G",28,1556
"8683",8683,"T","G",10.3,1210
"8684",8684,"T","G",8.3,1117
"8685",8685,"C","T",38.8,1800
"8686",8686,"T","A",32.9,1663
"8687",8687,"C","G",2.3,1768
"8688",8688,"G","A",20.2,1202
"8689",8689,"C","T",2.6,1191
"8690",8690,"C","G",19.8,1763
"8691",8691,"T","A",33.3,1079
"8692",8692,"G","T",20,1183
"8693",8693,"T","C",17.3,1951
"8694",8694,"A","A",NA,1505
"8695",8695,"C","G",34.7,1004
"8696",8696,"T","A",25.8,1829
"8697",8697,"G","C",22.5,1513
"8698",8698,"G","A",37.4,1037
"8699",8699,"G","A",25,1201
"8700",8700,"T","T",NA,1095
"8701",8701,"C","T",16.1,1953
"8702",8702,"T","C",35.9,1735
"8703",8703,"T","C",3.4,1042
"8704",8704,"C","T",23.5,1414
"8705",8705,"C","C",NA,1762
"8706",8706,"T","A",35.2,1776
"8707",8707,"A","C",34.3,1045
"8708",8708,"G","C",23.5,1576
"8709",8709,"G","G",NA,1521
"8710",8710,"T","A",31.8,1773
"8711",8711,"A","A",NA,1324
"8712",8712,"G","T",1.4,1211
